/*--------------------------------*- C++ -*----------------------------------*\
  =========                 |
  \\      /  F ield         | OpenFOAM: The Open Source CFD Toolbox
   \\    /   O peration     | Website:  https://openfoam.org
    \\  /    A nd           | Version:  11
     \\/     M anipulation  |
\*---------------------------------------------------------------------------*/
FoamFile
{
    format      ascii;
    class       surfaceScalarField;
    location    "4";
    object      phi;
}
// * * * * * * * * * * * * * * * * * * * * * * * * * * * * * * * * * * * * * //

dimensions      [0 3 -1 0 0 0 0];

internalField   nonuniform List<scalar> 
5320
(
0
0
0
0
0
0
0
0
0
0
0
0
0
0
0
0
0
0
0
0
0
0
0
0
0
0
0
0
0
0
0
0
0
0
0
0
0
0
0
0
0
0
0
0
0
0
0
0
0
0
0
0
0
0
0
0
0
0
0
0
0
0
0
0
0
0
0
0
0
0
0
0
0
0
0
0
0
0
0
0
0
0
0
0
0
0
0
0
0
0
0
0
0
0
0
0
0
0
0
0
0
0
0
0
0
0
0
0
0
0
0
0
0
0
0
0
0
0
0
0
0
0
0
0
0
0
0
0
0
0
0
0
0
0
0
0
0
0
0
0
0
0
0
0
0
0
0
0
0
0
0
0
0
0
0
0
0
0
0
0
0
0
0
0
0
0
0
0
0
0
0
0
0
0
0
0
0
0
0
0
0
0
0
0
0
0
0
0
0
0
0
0
0
0
0
0
0
0
0
0
0
0
0
0
0
0
0
0
0
0
0
0
0
0
0
0
0
0
0
0
0
0
0
0
0
0
0
0
0
0
0
0
0
0
0
0
0
0
0
0
0
0
0
0
0
0
0
0
0
0
0
0
0
0
0
0
0
0
0
0
0
0
0
0
0
0
0
0
0
0
0
0
0
0
0
0
0
0
0
0
0
0
0
0
0
0
0
0
0
0
0
0
0
0
0
0
0
0
0
0
0
0
0
0
0
0
0
0
0
0
0
0
0
0
0
0
0
0
0
0
0
0
0
0
0
0
0
0
0
0
0
0
0
0
0
0
0
0
0
0
0
0
0
0
0
0
0
0
0
0
0
0
0
0
0
0
0
0
0
0
0
0
0
0
0
0
0
0
0
0
0
0
0
0
0
0
0
0
0
0
0
0
0
0
0
0
0
0
0
0
0
0
0
0
0
0
0
0
0
0
0
0
0
0
0
0
0
0
0
0
0
0
0
0
0
0
0
0
0
0
0
0
0
0
0
0
0
0
0
0
0
0
0
0
0
0
0
0
0
0
0
0
0
0
0
0
0
0
0
0
0
0
0
0
0
0
0
0
0
0
0
0
0
0
0
0
0
0
0
0
0
0
0
0
0
0
0
0
0
0
0
0
0
0
0
0
0
0
0
0
0
0
0
0
0
0
0
0
0
0
0
0
0
0
0
0
0
0
0
0
0
0
0
0
0
0
0
0
0
0
0
0
0
0
0
0
0
0
0
0
0
0
0
0
0
0
0
0
0
0
0
0
0
0
0
0
0
0
0
0
0
0
0
0
0
0
0
0
0
0
0
0
0
0
0
0
0
0
0
0
0
0
0
0
0
0
0
0
0
0
0
0
0
0
0
0
0
0
0
0
0
0
0
0
0
0
0
0
0
0
0
0
0
0
0
0
0
0
0
0
0
0
0
0
0
0
0
0
0
0
0
0
0
0
0
0
0
0
0
0
0
0
0
0
0
0
0
0
0
0
0
0
0
0
0
0
0
0
0
0
0
0
0
0
0
0
0
0
0
0
0
0
0
0
0
0
0
0
0
0
0
0
0
0
0
0
0
0
0
0
0
0
0
0
0
0
0
0
0
0
0
0
0
0
0
0
0
0
0
0
0
0
0
0
0
0
0
0
0
0
0
0
0
0
0
0
0
0
0
0
0
0
0
0
0
0
0
0
0
0
0
0
0
0
0
0
0
0
0
0
0
0
0
0
0
0
0
0
0
0
0
0
0
0
0
0
0
0
0
0
3.09944e-06
1.52588e-05
-6.67572e-06
7.62939e-06
-7.15256e-06
1.52588e-05
-8.9407e-06
7.62939e-06
-1.85966e-05
0
-1.75238e-05
-7.62939e-06
-2.44379e-05
0
-2.77758e-05
7.62939e-06
-2.69413e-05
7.62939e-06
-2.92063e-05
1.52588e-05
-3.50475e-05
1.52588e-05
-2.87294e-05
-1.52588e-05
-2.32458e-05
1.52588e-05
-2.6226e-05
0
-1.62125e-05
0
-4.64916e-06
-1.52588e-05
-1.16825e-05
0
-4.05312e-06
0
-2.26498e-06
1.52588e-05
0
3.09944e-06
0
-8.09804e-06
-1.70034e-05
-6.81082e-06
0
-7.72047e-06
0
-2.10397e-05
-8.82026e-06
-1.55622e-05
-8.68252e-06
-2.47603e-05
0
-2.87771e-05
2.54588e-05
-2.67852e-05
-1.52588e-05
-2.93082e-05
1.52588e-05
-3.84246e-05
0
-2.88118e-05
-3.40132e-05
-2.18698e-05
-1.52588e-05
-2.85243e-05
1.47641e-05
-1.67034e-05
0
-4.41074e-06
-1.75865e-05
-1.3938e-05
0
-3.04953e-06
0
-2.26498e-06
5.42241e-05
0
2.86102e-06
5.89675e-06
-7.85817e-06
-3.53796e-05
-6.84044e-06
8.83268e-06
-7.90384e-06
-1.84495e-05
-2.09906e-05
-3.73789e-05
-1.54444e-05
-1.65976e-05
-2.47578e-05
0
-2.99836e-05
0
-2.62334e-05
-7.62939e-06
-2.92814e-05
-1.75395e-05
-3.78961e-05
0
-2.74194e-05
-1.8558e-05
-2.08545e-05
0
-2.85729e-05
2.29178e-05
-1.6595e-05
3.63154e-06
-4.29153e-06
-1.73762e-05
-1.37877e-05
0
-2.72011e-06
1.72329e-05
-2.74181e-06
4.60237e-05
1.52588e-05
2.14577e-06
1.68334e-05
-6.77085e-06
-2.01274e-05
-7.80734e-06
5.87642e-06
-7.818e-06
0
-2.00978e-05
-1.94164e-05
-1.51052e-05
0
-2.43433e-05
0
-2.95291e-05
1.34372e-05
-2.5681e-05
0
-2.88838e-05
-7.62939e-06
-3.92737e-05
-2.27035e-05
-2.86698e-05
-1.71052e-05
-2.22263e-05
-3.70049e-05
-2.9807e-05
-1.52588e-05
-1.7254e-05
1.16911e-05
-4.17233e-06
-3.23919e-05
-1.37369e-05
0
-2.49499e-06
4.80813e-05
-3.09944e-06
3.90294e-05
3.05176e-05
1.66893e-06
5.82467e-06
-5.8502e-06
-2.7653e-05
-7.98583e-06
1.30952e-05
-8.59125e-06
-6.06996e-06
-2.04789e-05
-4.62043e-05
-1.56737e-05
-3.81706e-05
-2.43679e-05
-7.62939e-06
-3.01817e-05
0
-2.60621e-05
0
-2.82516e-05
1.97861e-05
-3.80915e-05
-3.20733e-05
-2.74511e-05
-1.63797e-05
-2.02364e-05
-1.20615e-06
-2.85317e-05
1.52588e-05
-1.75789e-05
2.59897e-05
-4.05312e-06
-1.8585e-05
-1.36016e-05
-2.65883e-05
-2.49823e-06
1.29808e-05
-3.09944e-06
5.91172e-05
3.05176e-05
7.15256e-07
1.86784e-05
-4.6373e-06
0
-8.9194e-06
5.78499e-06
-9.04975e-06
-1.87008e-05
-1.94436e-05
-1.68439e-05
-1.4811e-05
-2.79396e-05
-2.42754e-05
0
-3.03285e-05
-2.05057e-05
-2.5447e-05
7.62939e-06
-2.94507e-05
2.47205e-05
-3.85718e-05
-3.8026e-06
-2.85255e-05
-3.62392e-05
-2.03948e-05
-1.39349e-05
-2.83785e-05
1.52588e-05
-1.8149e-05
2.33178e-05
-4.17233e-06
0
-1.29845e-05
-4.04652e-05
-2.27739e-06
4.13057e-05
-3.57628e-06
4.63905e-05
1.52588e-05
7.15256e-07
6.94532e-06
-4.46409e-06
-1.84657e-05
-9.50204e-06
2.54644e-05
-8.97086e-06
-9.45839e-06
-1.97736e-05
-2.92444e-05
-1.45236e-05
-2.01161e-05
-2.46047e-05
0
-2.90815e-05
-7.50323e-06
-2.48301e-05
2.22689e-05
-3.03015e-05
4.47197e-05
-3.78298e-05
-1.14648e-05
-2.76036e-05
0
-2.0027e-05
-2.2654e-05
-2.77248e-05
2.76933e-05
-1.84839e-05
4.17915e-05
-4.41074e-06
0
-1.22499e-05
-2.94553e-05
-2.52778e-06
1.27234e-05
-3.8147e-06
1.52588e-05
0
0
5.79571e-06
-2.85844e-06
0
-1.03273e-05
1.6392e-05
-9.24498e-06
8.5452e-06
-1.91167e-05
-2.00098e-05
-1.40022e-05
0
-2.52844e-05
-9.54655e-06
-2.93495e-05
-2.78109e-05
-2.44153e-05
6.70036e-06
-3.20275e-05
5.85191e-05
-3.81513e-05
-3.61942e-05
-2.83267e-05
0
-1.95392e-05
-3.45622e-05
-2.80121e-05
2.73015e-05
-1.92252e-05
4.2314e-05
-4.61502e-06
1.86426e-05
-1.17901e-05
1.08847e-07
-2.30355e-06
0
-3.69549e-06
4.13621e-05
1.52588e-05
-2.38419e-07
0
-2.76066e-06
-5.77295e-06
-1.02541e-05
-7.62939e-06
-9.90759e-06
8.55815e-06
-1.87369e-05
0
-1.4352e-05
0
-2.5492e-05
-1.34614e-05
-2.87555e-05
-3.62358e-05
-2.3924e-05
0
-3.44019e-05
3.50612e-05
-3.77363e-05
-3.5643e-05
-2.9391e-05
-3.78137e-05
-1.86517e-05
-3.396e-05
-2.77683e-05
1.32871e-05
-2.00432e-05
5.81911e-05
-4.4282e-06
1.34891e-05
-1.13289e-05
0
-2.18679e-06
0
-3.93391e-06
4.13423e-05
3.05176e-05
-2.38419e-07
-1.68658e-05
-2.75913e-06
-1.43261e-05
-9.83713e-06
0
-1.02574e-05
-1.52588e-05
-1.86556e-05
8.41933e-06
-1.46754e-05
1.57849e-05
-2.59231e-05
-1.95616e-05
-2.74576e-05
-1.4625e-05
-2.21078e-05
1.8997e-05
-3.52745e-05
6.62215e-05
-3.63385e-05
-5.03165e-05
-2.78916e-05
1.52588e-05
-1.79595e-05
0
-2.72472e-05
0
-2.02695e-05
5.03685e-05
-4.58127e-06
1.1873e-05
-1.17157e-05
-1.91315e-05
-2.21899e-06
0
-4.29153e-06
1.30071e-05
1.52588e-05
-4.76837e-07
0
-2.42671e-06
-1.83664e-05
-1.01911e-05
-1.93694e-05
-9.83972e-06
0
-1.89249e-05
0
-1.51052e-05
0
-2.57818e-05
0
-2.73326e-05
-2.08785e-05
-2.19663e-05
6.57526e-06
-3.84375e-05
2.68839e-05
-3.60441e-05
-3.77054e-05
-2.92352e-05
0
-1.79645e-05
-1.52588e-05
-2.66546e-05
1.44999e-05
-2.06404e-05
4.41769e-05
-4.58333e-06
1.98913e-05
-1.15141e-05
-2.84981e-05
-2.14577e-06
0
-4.05312e-06
3.77497e-05
1.52588e-05
-8.00931e-07
-7.62939e-06
-2.37632e-06
0
-9.61689e-06
0
-9.81362e-06
5.73749e-06
-1.86945e-05
0
-1.50012e-05
0
-2.62505e-05
-1.66148e-05
-2.64811e-05
0
-2.1378e-05
0
-3.86479e-05
1.17982e-05
-3.46846e-05
-1.88324e-05
-2.90329e-05
1.90149e-05
-1.77371e-05
1.56235e-05
-2.64545e-05
0
-2.10019e-05
6.67262e-05
-4.77516e-06
1.43953e-05
-1.13331e-05
-4.9921e-05
-2.14577e-06
-1.89053e-05
-4.29153e-06
3.39264e-05
0
-5.43681e-07
7.62939e-06
-2.46648e-06
-2.09883e-05
-9.25099e-06
7.62939e-06
-9.91739e-06
7.62939e-06
-1.89194e-05
-5.73297e-06
-1.52502e-05
-8.78122e-06
-2.62573e-05
-5.88082e-06
-2.65462e-05
-1.61137e-05
-2.07655e-05
1.64429e-05
-3.87823e-05
1.90001e-05
-3.46379e-05
1.69933e-05
-3.02024e-05
0
-1.83141e-05
1.52588e-05
-2.58971e-05
-1.90463e-05
-2.15044e-05
6.05706e-05
-4.88742e-06
2.68595e-05
-1.04264e-05
-3.9559e-05
-1.78814e-06
1.88653e-05
-4.52995e-06
0
1.52588e-05
-1.01723e-06
0
-2.03893e-06
-2.59366e-05
-9.46456e-06
0
-1.06022e-05
1.83042e-05
-1.89042e-05
-1.76987e-05
-1.5363e-05
-5.90694e-06
-2.62858e-05
-2.47408e-05
-2.62231e-05
-1.39872e-05
-2.10309e-05
0
-3.94072e-05
-1.52588e-05
-3.49707e-05
1.76899e-05
-2.95049e-05
1.87941e-05
-1.83747e-05
-3.15458e-05
-2.41545e-05
0
-2.20823e-05
6.79238e-05
-5.22555e-06
1.52386e-05
-1.00836e-05
-4.93956e-05
-1.90735e-06
1.38636e-05
-4.29153e-06
1.90066e-05
0
-1.73344e-06
-1.84533e-05
-1.67875e-06
-7.62939e-06
-8.82884e-06
0
-1.14362e-05
0
-1.87408e-05
-2.09163e-05
-1.58254e-05
-2.84777e-05
-2.59555e-05
-9.06924e-06
-2.57371e-05
0
-2.10072e-05
0
-3.88028e-05
-1.52588e-05
-3.55868e-05
1.83241e-05
-3.0379e-05
-1.72294e-05
-1.75739e-05
1.52588e-05
-2.34224e-05
3.59765e-06
-2.30295e-05
4.68752e-05
-5.49661e-06
3.69813e-06
-9.43296e-06
-2.77325e-05
-1.90735e-06
0
-4.41074e-06
-1.55447e-05
1.52588e-05
-1.34711e-06
-1.68325e-05
-1.66733e-06
-1.41224e-05
-8.8333e-06
-8.90994e-06
-1.17558e-05
-1.34307e-05
-1.83603e-05
-2.01837e-05
-1.51966e-05
-4.61287e-06
-2.58738e-05
-1.48739e-05
-2.62349e-05
-9.23467e-06
-2.15832e-05
-6.62808e-06
-3.85906e-05
-1.88042e-05
-3.49151e-05
3.39039e-05
-2.92692e-05
1.80363e-05
-1.87292e-05
1.84401e-05
-2.33629e-05
-1.87514e-05
-2.34244e-05
5.34039e-05
-5.77751e-06
0
-8.94636e-06
-1.33791e-05
-1.90735e-06
1.89879e-05
-4.17233e-06
-1.25575e-05
0
-1.75078e-06
-5.79288e-06
-1.67863e-06
-1.33779e-05
-8.91301e-06
-5.72241e-06
-1.19645e-05
-2.05051e-05
-1.80686e-05
0
-1.51868e-05
-6.54437e-06
-2.5615e-05
-6.8025e-06
-2.5751e-05
0
-2.07911e-05
1.52588e-05
-3.74681e-05
1.11264e-05
-3.68387e-05
1.52588e-05
-3.0607e-05
-2.9169e-06
-1.86484e-05
0
-2.23112e-05
0
-2.38634e-05
2.82297e-05
-5.77961e-06
3.50696e-05
-8.91681e-06
-3.42906e-05
-1.98707e-06
0
-4.05312e-06
-3.34622e-05
0
-1.45706e-06
-7.62939e-06
-1.90735e-06
-1.82515e-05
-9.13562e-06
-2.10556e-05
-1.13953e-05
0
-1.84315e-05
0
-1.5253e-05
0
-2.5587e-05
-7.59643e-06
-2.58496e-05
7.62939e-06
-2.13073e-05
0
-3.74741e-05
3.67156e-05
-3.61939e-05
1.52588e-05
-2.9273e-05
-1.23057e-05
-1.88323e-05
0
-2.19705e-05
-1.80274e-05
-2.45351e-05
1.52588e-05
-6.34627e-06
0
-8.29416e-06
-2.7574e-05
-1.86992e-06
-1.87667e-05
-3.69549e-06
0
1.52588e-05
-1.94154e-06
-1.52588e-05
-1.66893e-06
0
-8.84971e-06
-7.62939e-06
-1.14285e-05
0
-1.85635e-05
-7.62939e-06
-1.555e-05
0
-2.50698e-05
0
-2.62354e-05
7.62939e-06
-2.12297e-05
0
-3.87562e-05
0
-3.65977e-05
0
-2.90986e-05
-1.52588e-05
-1.87891e-05
0
-2.10601e-05
1.52588e-05
-2.36518e-05
0
-6.55946e-06
1.52588e-05
-8.01965e-06
0
-1.811e-06
0
-3.8147e-06
0
1.52588e-05
-1.43051e-06
-1.90735e-06
-8.10623e-06
-1.20401e-05
-1.70469e-05
-1.72853e-05
-2.39611e-05
-2.563e-05
-2.38419e-05
-3.55244e-05
-3.50475e-05
-2.83718e-05
-2.07424e-05
-2.13385e-05
-2.13385e-05
-8.70228e-06
-7.39098e-06
-2.14577e-06
-3.93391e-06
0
0
0
0
0
0
0
0
0
0
0
0
0
0
0
0
0
0
0
0
0
0
0
0
0
0
0
0
0
0
0
0
0
0
0
0
0
0
0
0
0
0
0
0
0
0
0
0
0
0
0
0
0
0
0
0
0
0
0
0
0
0
0
0
0
0
0
0
0
0
0
0
0
0
0
0
0
0
0
0
0
0
0
0
0
0
0
0
0
0
0
0
0
0
0
0
0
0
0
0
0
0
0
0
0
0
0
0
0
0
0
0
0
0
0
0
0
0
0
0
0
0
0
0
0
0
0
0
0
0
0
0
0
0
0
0
0
0
0
0
0
0
0
0
0
0
0
0
0
0
0
0
0
0
0
0
0
0
0
0
0
0
0
0
0
0
0
0
0
0
0
0
0
0
0
0
0
0
0
0
0
0
0
0
0
0
0
0
0
0
0
0
0
0
0
0
0
0
0
0
0
0
0
0
0
0
0
0
0
0
0
0
0
0
0
0
0
0
0
0
0
0
0
0
0
0
0
0
0
0
0
0
0
0
0
0
0
0
0
0
0
0
0
0
0
0
0
0
0
0
0
0
0
0
0
0
0
0
0
0
0
0
0
0
0
0
0
0
0
0
0
0
0
0
0
0
0
0
0
0
0
0
0
0
0
0
0
0
0
0
0
0
0
0
0
0
0
0
0
0
0
0
0
0
0
0
0
0
0
0
0
0
0
0
0
0
0
0
0
0
0
0
0
0
0
0
0
0
0
0
0
0
0
0
0
0
0
0
0
0
0
0
0
0
0
0
0
0
0
0
0
0
0
0
0
0
0
0
0
0
0
0
0
0
0
0
0
0
0
0
0
0
0
0
0
0
0
0
0
0
0
0
0
0
0
0
0
0
0
0
0
0
0
0
0
0
0
0
0
0
0
0
0
0
0
0
0
0
0
0
0
0
0
0
0
0
0
0
0
0
0
0
0
0
0
0
0
0
0
0
0
0
0
0
0
0
0
0
0
0
0
0
0
0
0
0
0
0
0
0
0
0
0
0
0
0
0
0
0
0
0
0
0
0
0
0
0
0
0
0
0
0
0
0
0
0
0
0
0
0
0
0
0
0
0
0
0
0
0
0
0
0
0
0
0
0
0
0
0
0
0
0
0
0
0
0
0
0
0
0
0
0
0
0
0
0
0
0
0
0
0
0
0
0
0
0
0
0
0
0
0
0
0
0
0
0
0
0
0
0
0
0
0
0
0
0
0
0
0
0
0
0
0
0
0
0
0
0
0
0
0
0
0
0
0
0
0
0
0
0
0
0
0
0
0
0
0
0
0
0
0
0
0
0
0
0
0
0
0
0
0
0
0
0
0
0
0
0
0
0
0
0
0
0
0
0
0
0
0
0
0
0
0
0
0
0
0
0
0
0
0
0
0
0
0
0
0
0
0
0
0
0
0
0
0
0
0
0
0
0
0
0
0
0
0
0
0
0
0
0
0
0
0
0
0
0
0
0
0
0
0
0
0
0
0
0
0
0
0
0
0
0
0
0
0
0
0
0
0
0
0
0
0
0
0
0
0
0
0
0
0
0
0
0
0
0
0
0
0
0
0
0
0
0
0
0
0
0
0
0
0
0
0
0
0
0
0
0
0
0
0
0
0
0
0
0
0
0
0
0
0
0
0
0
0
0
0
0
0
0
0
0
0
0
0
0
0
0
0
0
0
0
0
0
0
0
0
0
0
0
0
0
0
0
0
0
0
0
0
0
0
0
0
0
0
0
0
0
0
0
0
0
0
0
0
0
0
0
0
0
0
0
0
0
0
0
0
0
0
0
0
0
0
0
0
0
0
0
0
0
0
0
0
0
0
0
0
0
0
0
0
0
0
0
0
0
0
0
0
0
0
0
0
0
0
0
0
0
0
0
0
0
0
0
0
0
0
0
0
0
0
0
0
0
0
0
0
0
0
0
0
0
0
0
0
0
0
0
0
0
0
0
0
0
0
0
0
0
0
0
0
0
0
0
0
0
0
0
0
0
0
0
0
0
0
0
0
0
0
0
0
0
0
0
0
0
0
0
0
0
0
0
0
0
0
0
0
0
0
0
0
0
0
0
0
0
0
0
0
0
0
0
0
0
0
0
0
0
0
0
0
0
0
0
0
0
0
0
0
0
0
0
0
0
0
0
0
0
0
0
0
0
0
0
0
0
0
0
0
0
0
0
0
0
0
0
0
0
0
0
0
0
0
0
0
0
0
0
0
0
0
0
0
0
0
0
0
0
0
0
0
0
0
0
0
0
0
0
0
0
0
0
0
0
0
0
0
0
0
0
0
0
0
0
0
0
0
0
0
0
0
0
0
0
0
0
0
0
0
0
0
0
0
0
0
0
0
0
0
0
0
0
0
0
0
0
0
0
0
0
0
0
0
0
0
0
0
0
0
0
0
0
0
0
0
0
0
0
0
0
0
0
0
0
0
0
0
0
0
0
0
0
0
0
0
0
0
0
0
0
0
0
0
0
0
0
0
0
0
0
0
0
0
0
0
0
0
0
0
0
0
0
0
0
0
0
0
0
0
0
0
0
0
0
0
0
0
0
0
0
0
0
0
0
0
0
0
0
0
0
0
0
0
0
0
0
0
0
0
0
0
0
0
0
0
0
0
0
0
0
0
0
0
0
0
0
0
0
0
0
0
0
0
0
0
0
0
0
0
0
0
0
0
0
0
0
0
0
0
0
0
0
0
0
0
0
0
0
0
0
0
0
0
0
0
0
0
0
0
0
0
0
0
0
0
0
0
0
0
0
0
0
0
0
0
0
0
0
0
0
0
0
0
0
0
0
0
0
0
0
0
0
0
0
0
0
0
0
0
0
0
0
0
0
0
0
0
0
0
0
0
0
0
0
0
0
0
0
0
0
0
0
0
0
0
0
0
0
0
0
0
0
0
0
0
0
0
0
0
0
0
0
0
0
0
0
0
0
0
0
0
0
0
0
0
0
0
0
0
0
0
0
0
0
0
0
0
0
0
0
0
0
0
0
0
0
0
0
0
0
0
0
0
0
0
0
0
0
0
0
0
0
0
0
0
0
0
0
0
0
0
0
0
0
0
0
0
0
0
0
0
0
0
0
0
0
0
0
0
0
0
0
0
0
0
0
0
0
0
0
0
0
0
0
0
0
0
0
0
0
0
0
0
0
0
0
0
0
0
0
0
0
0
0
0
0
0
0
0
0
0
0
0
0
0
0
0
0
0
0
0
0
0
0
0
0
0
0
0
0
0
0
0
0
0
0
0
0
0
0
0
0
0
0
0
0
0
0
0
0
0
0
0
0
0
0
0
0
0
0
0
0
0
0
0
0
0
0
0
0
0
0
0
0
0
0
0
0
0
0
0
0
0
0
0
0
0
0
0
0
0
0
0
0
0
0
0
0
0
0
0
0
0
0
0
0
0
0
0
0
0
0
0
0
0
0
0
0
0
0
0
0
0
0
0
0
0
0
0
0
0
0
0
0
0
0
0
0
0
0
0
0
0
0
0
0
0
0
0
0
0
0
0
0
0
0
0
0
0
0
0
0
0
0
0
0
0
0
0
0
0
0
0
0
0
0
0
0
0
0
0
0
0
0
0
0
0
0
0
0
0
0
0
0
0
0
0
0
0
0
0
0
0
0
0
0
0
0
0
0
0
0
0
0
0
0
0
0
0
0
0
0
0
0
0
0
0
0
0
0
0
0
0
0
0
0
0
0
0
0
0
0
0
0
0
0
0
0
0
0
0
0
0
0
0
0
0
0
0
0
0
0
0
0
0
0
0
0
0
0
0
0
0
0
0
0
0
0
0
0
0
0
0
0
0
0
0
0
0
0
0
0
0
0
0
0
0
0
0
0
0
0
0
0
0
0
0
0
0
0
0
0
0
0
0
0
0
0
0
0
0
0
0
0
0
0
0
0
0
0
0
0
0
0
0
0
0
0
0
0
0
0
0
0
0
0
0
0
0
0
0
0
0
0
0
0
0
0
0
0
0
0
0
0
0
0
0
0
0
0
0
0
0
0
0
0
0
0
0
0
0
0
0
0
0
0
0
0
0
0
0
0
0
0
0
0
0
0
0
0
0
0
0
0
0
0
0
0
0
0
0
0
0
0
0
0
0
0
0
0
0
0
0
0
0
0
0
0
0
0
0
0
0
0
0
0
0
0
0
0
0
0
0
0
0
0
0
0
0
0
0
0
0
0
0
0
0
0
0
0
0
0
0
0
0
0
0
0
0
0
0
0
0
0
0
0
0
0
0
0
0
0
0
0
0
0
0
0
0
0
0
0
0
0
0
0
0
0
0
0
0
0
0
0
0
0
0
0
0
0
0
0
0
0
0
0
0
0
0
0
0
0
0
0
0
0
0
0
0
0
0
0
0
0
0
0
0
0
0
0
0
0
0
0
0
0
0
0
0
0
0
0
0
0
0
0
0
0
0
0
0
0
0
0
0
0
0
0
0
0
0
0
0
0
0
0
0
0
0
0
0
0
0
0
0
0
0
0
0
0
0
0
0
0
0
0
0
0
0
0
0
0
0
0
0
0
0
0
0
0
0
0
0
0
0
0
0
0
0
0
0
0
0
0
0
0
0
0
0
0
0
0
0
0
0
0
0
0
0
0
0
0
0
0
0
0
0
0
0
0
0
0
0
0
0
0
0
0
0
0
0
0
0
0
0
0
0
0
0
0
0
0
0
0
0
0
0
0
0
0
0
0
0
0
0
0
0
0
0
0
0
0
0
0
0
0
0
0
0
0
0
0
0
0
0
0
0
0
0
0
0
0
0
0
0
0
0
0
0
0
0
0
0
0
0
0
0
0
0
0
0
0
0
0
0
0
0
0
0
0
0
0
0
0
0
0
0
0
0
0
0
0
0
0
0
0
0
0
0
0
0
0
0
0
0
0
0
0
0
0
0
0
0
0
0
0
0
0
0
0
0
0
0
0
0
0
0
0
0
0
0
0
0
0
0
0
0
0
0
0
0
0
0
0
0
0
0
0
0
0
0
0
0
0
0
0
0
0
0
0
0
0
0
0
0
0
0
0
0
0
0
0
0
0
0
0
0
0
0
0
0
0
0
0
0
0
0
0
0
0
0
0
0
0
0
0
0
0
0
0
0
0
0
0
0
0
0
0
0
0
0
0
0
0
0
0
0
0
0
0
0
0
0
0
0
0
0
0
0
0
0
0
0
0
0
0
0
0
0
0
0
0
0
0
0
0
0
0
0
0
0
0
0
0
0
0
0
0
0
0
0
0
0
0
0
0
0
0
0
0
0
0
0
0
0
0
0
0
0
0
0
0
0
0
0
0
0
0
0
0
0
0
0
0
0
0
0
0
0
0
0
0
0
0
0
0
0
0
0
0
0
0
0
0
0
0
0
0
0
0
0
0
0
0
0
0
0
0
0
0
0
0
0
0
0
0
0
0
0
0
0
0
0
0
0
0
0
0
0
0
0
0
0
0
0
0
0
0
0
0
0
0
0
0
0
0
0
0
0
0
0
0
0
0
0
0
0
0
0
0
0
0
0
0
0
0
0
0
0
0
0
0
0
0
0
0
0
0
0
0
0
0
0
0
0
0
0
0
0
0
0
0
0
0
0
0
0
0
0
0
0
0
0
0
0
0
0
0
0
0
0
0
0
0
0
0
0
0
0
0
0
0
0
0
0
0
0
0
0
0
0
0
0
0
0
0
0
0
0
0
0
0
0
0
0
0
0
0
0
0
0
0
0
0
0
0
0
0
0
0
0
0
0
0
0
0
0
0
0
0
0
0
0
0
0
0
0
0
0
0
0
0
0
0
0
0
0
0
0
0
0
0
0
0
0
0
0
0
0
0
0
0
0
0
0
0
0
0
0
0
0
0
0
0
0
0
0
0
0
0
0
0
0
0
0
0
0
0
0
0
0
0
0
0
0
0
0
0
0
0
0
0
0
0
0
0
0
0
0
0
0
0
0
0
0
0
0
0
0
0
0
0
0
0
0
0
0
0
0
0
0
0
0
0
0
0
0
0
0
0
0
0
0
0
0
0
0
0
0
0
0
0
0
0
0
0
0
0
0
0
0
0
0
0
0
0
0
0
0
0
0
0
0
0
0
0
0
0
0
0
0
0
0
0
0
0
0
0
0
0
0
0
0
0
0
0
0
0
0
0
0
0
0
0
0
0
0
0
0
0
0
0
0
0
0
0
0
0
0
0
0
0
0
0
0
0
0
0
0
0
0
0
0
0
0
0
0
0
0
0
0
0
0
0
0
0
0
0
0
0
0
0
0
0
0
0
0
0
0
0
0
0
0
0
0
0
0
0
0
0
0
0
0
0
0
0
0
0
0
0
0
0
0
0
0
0
0
0
0
0
0
0
0
0
0
0
0
0
0
0
0
0
0
0
0
0
0
0
0
0
0
0
0
0
0
0
0
0
0
0
0
0
0
0
0
0
0
0
0
0
0
0
0
0
0
0
0
0
0
0
0
0
0
0
0
0
0
0
0
0
0
0
0
0
0
0
0
0
0
0
0
0
0
0
0
0
0
0
0
0
0
0
0
0
0
0
0
0
0
0
0
0
0
0
0
0
0
0
0
0
0
0
0
0
0
0
0
0
0
0
0
0
0
0
0
0
0
0
0
0
0
0
0
0
0
0
0
0
0
0
0
0
0
0
0
0
0
0
0
0
0
0
0
0
0
0
0
0
0
0
0
0
0
0
0
0
0
0
0
0
0
0
0
0
0
0
0
0
0
0
0
0
0
0
0
0
0
0
0
0
0
0
0
0
0
0
0
0
0
0
0
0
0
0
0
0
0
0
0
0
0
0
0
0
0
0
0
0
0
0
0
0
0
0
0
0
0
0
0
0
0
0
0
0
0
0
0
0
0
0
0
0
0
0
0
0
0
0
0
0
0
0
0
0
0
0
0
0
0
0
0
0
0
0
0
0
0
0
0
0
0
0
0
0
0
0
0
0
0
0
0
0
0
0
0
0
0
0
0
0
0
0
0
0
0
0
0
0
0
0
0
0
0
0
0
0
0
0
0
0
0
0
0
0
0
0
0
0
0
0
0
0
0
0
0
0
0
0
0
0
0
0
0
0
0
0
0
0
0
0
0
0
0
0
0
0
0
0
0
0
0
0
0
0
0
0
0
0
0
0
0
0
0
0
0
0
0
0
0
0
0
0
0
0
0
0
0
0
0
0
0
0
0
0
0
0
0
0
0
0
0
0
0
0
0
0
0
0
0
0
0
0
0
0
0
0
0
0
0
0
0
0
0
0
0
0
0
0
0
0
0
0
0
0
0
0
0
0
0
0
0
0
0
0
0
0
0
0
0
0
0
0
0
0
0
0
0
0
0
0
0
0
0
0
0
0
0
0
0
0
0
0
0
0
0
0
0
0
0
0
0
0
0
0
0
0
0
0
0
0
0
0
0
0
0
0
0
0
0
0
0
0
0
0
0
0
0
0
0
0
0
0
0
0
0
0
0
0
0
0
0
0
0
0
0
0
0
0
0
0
0
0
0
0
0
0
0
0
0
0
0
0
0
0
0
0
0
0
0
0
0
0
0
0
0
0
0
0
0
0
0
0
0
0
0
0
0
0
0
0
0
0
0
0
0
0
0
0
0
0
0
0
0
0
0
0
0
0
0
0
0
0
0
0
0
0
0
0
0
0
0
0
0
0
0
0
0
0
0
0
0
0
0
0
0
0
0
0
0
0
0
0
0
0
0
0
0
0
0
0
0
0
0
0
0
0
0
0
0
0
0
0
0
0
0
0
0
0
0
0
0
0
0
0
0
0
0
0
0
0
0
0
0
0
0
0
0
0
0
0
0
0
0
0
0
0
0
0
0
0
0
0
0
0
0
0
0
0
0
0
0
0
0
0
0
0
0
0
0
0
0
0
0
0
0
0
0
0
0
0
0
0
0
0
0
0
0
0
0
0
0
0
0
0
0
0
0
0
0
0
0
0
0
0
0
0
0
0
0
0
0
0
0
0
0
0
0
0
0
0
0
0
0
0
0
0
0
0
0
0
0
0
0
0
0
0
0
0
0
0
0
0
0
0
0
0
0
0
0
0
0
0
0
0
0
0
0
0
0
0
0
0
0
0
0
0
0
0
0
0
0
0
0
0
0
0
0
0
0
0
0
0
0
0
0
0
0
0
0
0
0
0
0
0
0
0
0
0
0
0
0
0
0
0
0
0
0
0
0
0
0
0
0
0
0
0
0
0
0
0
0
0
0
0
0
0
0
0
0
0
0
0
0
0
0
0
0
0
0
0
0
0
0
0
0
0
0
0
0
0
0
0
0
0
0
0
0
0
0
0
0
0
0
0
0
0
0
0
0
0
0
0
0
0
0
0
0
0
0
0
0
0
0
0
0
0
0
0
0
0
0
0
0
0
0
0
0
0
0
0
0
0
0
0
0
0
0
0
0
0
0
0
0
0
0
0
0
0
0
0
0
0
0
0
0
0
0
0
0
0
0
0
0
0
0
0
0
0
0
0
0
0
0
0
0
0
0
0
0
0
0
0
0
0
0
0
0
0
0
0
0
0
0
0
0
0
0
0
0
0
)
;

boundaryField
{
    inlet
    {
        type            calculated;
        value           nonuniform List<scalar> 
20
(
-7.42428e-06
-7.42428e-06
-7.42428e-06
-7.42428e-06
-7.42428e-06
-7.42428e-06
-7.42428e-06
-7.42428e-06
-7.42428e-06
-7.42428e-06
-7.42428e-06
-7.42428e-06
-7.42428e-06
-7.42428e-06
-7.42428e-06
-7.42428e-06
-7.42428e-06
-7.42428e-06
-7.42428e-06
-7.42428e-06
)
;
    }
    outlet
    {
        type            calculated;
        value           uniform 0;
    }
    frontAndBack
    {
        type            empty;
    }
    topAndBottom
    {
        type            calculated;
        value           uniform 0;
    }
    defaultFaces
    {
        type            empty;
    }
}


// ************************************************************************* //
