/*--------------------------------*- C++ -*----------------------------------*\
  =========                 |
  \\      /  F ield         | OpenFOAM: The Open Source CFD Toolbox
   \\    /   O peration     | Website:  https://openfoam.org
    \\  /    A nd           | Version:  11
     \\/     M anipulation  |
\*---------------------------------------------------------------------------*/
FoamFile
{
    format      ascii;
    class       surfaceScalarField;
    location    "28";
    object      phi;
}
// * * * * * * * * * * * * * * * * * * * * * * * * * * * * * * * * * * * * * //

dimensions      [0 3 -1 0 0 0 0];

internalField   nonuniform List<scalar> 
5320
(
0
0
0
0
0
0
0
0
0
0
0
0
0
0
0
0
0
0
0
0
0
0
0
0
0
0
0
0
0
0
0
0
0
0
0
0
0
0
0
0
0
0
0
0
0
0
0
0
0
0
0
0
0
0
0
0
0
0
0
0
0
0
0
0
0
0
0
0
0
0
0
0
0
0
0
0
0
0
0
0
0
0
0
0
0
0
0
0
0
0
0
0
0
0
0
0
0
0
0
0
0
0
0
0
0
0
0
0
0
0
0
0
0
0
0
0
0
0
0
0
0
0
0
0
0
0
0
0
0
0
0
0
0
0
0
0
0
0
0
0
0
0
0
0
0
0
0
0
0
0
0
0
0
0
0
0
0
0
0
0
0
0
0
0
0
0
0
0
0
0
0
0
0
0
0
0
0
0
0
0
0
0
0
0
0
0
0
0
0
0
0
0
0
0
0
0
0
0
0
0
0
0
0
0
0
0
0
0
0
0
0
0
0
0
0
0
0
0
0
0
0
0
0
0
0
0
0
0
0
0
0
0
0
0
0
0
0
0
0
0
0
0
0
0
0
0
0
0
0
0
0
0
0
0
0
0
0
0
0
0
0
0
0
0
0
0
0
0
0
0
0
0
0
0
0
0
0
0
0
0
0
0
0
0
0
0
0
0
0
0
0
0
0
0
0
0
0
0
0
0
0
0
0
0
0
0
0
0
0
0
0
0
0
0
0
0
0
0
0
0
0
0
0
0
0
0
0
0
0
0
0
0
0
0
0
0
0
0
0
0
0
0
0
0
0
0
0
0
0
0
0
0
0
0
0
0
0
0
0
0
0
0
0
0
0
0
0
0
0
0
0
0
0
0
0
0
0
0
0
0
0
0
0
0
0
0
0
0
0
0
0
0
0
0
0
0
0
0
0
0
0
0
0
0
0
0
0
0
0
0
0
0
0
0
0
0
0
0
0
0
0
0
0
0
0
0
0
0
0
0
0
0
0
0
0
0
0
0
0
0
0
0
0
0
0
0
0
0
0
0
0
0
0
0
0
0
0
0
0
0
0
0
0
0
0
0
0
0
0
0
0
0
0
0
0
0
0
0
0
0
0
0
0
0
0
0
0
0
0
0
0
0
0
0
0
0
0
0
0
0
0
0
0
0
0
0
0
0
0
0
0
0
0
0
0
0
0
0
0
0
0
0
0
0
0
0
0
0
0
0
0
0
0
0
0
0
0
0
0
0
0
0
0
0
0
0
0
0
0
0
0
0
0
0
0
0
0
0
0
0
0
0
0
0
0
0
0
0
0
0
0
0
0
0
0
0
0
0
0
0
0
0
0
0
0
0
0
0
0
0
0
0
0
0
0
0
0
0
0
0
0
0
0
0
0
0
0
0
0
0
0
0
0
0
0
0
0
0
0
0
0
0
0
0
0
0
0
0
0
0
0
0
0
0
0
0
0
0
0
0
0
0
0
0
0
0
0
0
0
0
0
0
0
0
0
0
0
0
0
0
0
0
0
0
0
0
0
0
0
0
0
0
0
0
0
0
0
0
0
0
0
0
0
0
0
0
0
0
0
0
0
0
0
0
0
0
0
0
0
0
0
0
0
0
0
0
0
0
0
0
0
0
0
0
0
0
0
0
0
0
0
0
0
0
0
0
0
0
0
0
0
0
0
0
0
0
0
0
0
0
0
0
0
0
0
0
0
0
0
0
0
0
0
0
0
0
0
0
0
0
3.09944e-06
7.62939e-06
-6.4373e-06
7.62939e-06
-7.15256e-06
1.52588e-05
-8.9407e-06
1.52588e-05
-1.85966e-05
0
-1.75238e-05
-7.62939e-06
-2.43187e-05
0
-2.75373e-05
7.62939e-06
-2.69413e-05
1.52588e-05
-2.95639e-05
7.62939e-06
-3.52859e-05
1.52588e-05
-2.90871e-05
-1.52588e-05
-2.3365e-05
1.52588e-05
-2.6226e-05
0
-1.62125e-05
0
-4.64916e-06
-1.52588e-05
-1.16825e-05
0
-4.17233e-06
0
-2.26498e-06
1.52588e-05
0
3.09944e-06
0
-8.87201e-06
-1.02687e-05
-6.07561e-06
0
-7.30673e-06
0
-2.40478e-05
-7.62939e-06
-1.39865e-05
-1.64447e-05
-2.81308e-05
0
-3.23776e-05
2.10843e-05
-2.36292e-05
-1.52588e-05
-2.57567e-05
1.63604e-05
-4.36943e-05
0
-2.58596e-05
-1.83057e-05
-1.95397e-05
-1.52588e-05
-3.30029e-05
1.52588e-05
-1.87438e-05
0
-4.52995e-06
-1.98285e-05
-1.52964e-05
0
-3.22468e-06
0
-2.26498e-06
4.49559e-05
0
3.09944e-06
6.22641e-06
-8.60376e-06
-4.02193e-05
-6.05836e-06
8.86333e-06
-7.7062e-06
-1.84437e-05
-2.4206e-05
-4.09202e-05
-1.38068e-05
-1.66196e-05
-2.76309e-05
0
-3.40611e-05
0
-2.35395e-05
-1.52588e-05
-2.68308e-05
-2.34561e-05
-4.33431e-05
0
-2.5334e-05
-1.44386e-05
-1.87832e-05
0
-3.24246e-05
3.64749e-05
-1.86372e-05
1.42747e-05
-4.29153e-06
-3.89963e-06
-1.50304e-05
0
-2.76255e-06
2.72547e-05
-2.74181e-06
8.08649e-05
1.52588e-05
2.14577e-06
1.31656e-05
-7.49946e-06
-1.26871e-05
-8.74135e-06
1.62986e-05
-7.48087e-06
0
-2.28822e-05
-1.59003e-05
-1.37039e-05
0
-2.70872e-05
0
-3.31491e-05
9.97636e-06
-2.29697e-05
0
-2.56828e-05
-7.65881e-06
-4.63193e-05
-2.41392e-05
-2.7446e-05
-3.49602e-05
-1.95753e-05
-5.22198e-05
-3.48211e-05
-1.52588e-05
-1.96933e-05
-2.52162e-06
-4.29153e-06
-2.3627e-05
-1.46726e-05
0
-2.59594e-06
4.10874e-05
-3.21865e-06
2.15275e-05
3.05176e-05
1.66893e-06
5.93578e-06
-6.90188e-06
-3.25327e-05
-8.30003e-06
2.61399e-05
-7.98829e-06
-1.43637e-05
-2.39693e-05
-5.08726e-05
-1.40273e-05
-3.85105e-05
-2.67125e-05
-7.62939e-06
-3.43164e-05
0
-2.2941e-05
0
-2.51699e-05
1.86083e-05
-4.33918e-05
-2.01286e-05
-2.59312e-05
-1.66429e-05
-1.83088e-05
-1.64977e-05
-3.16722e-05
1.45145e-05
-1.89791e-05
5.55281e-05
-4.05312e-06
-1.44438e-05
-1.56759e-05
-4.0579e-05
-2.69164e-06
1.52588e-05
-3.09944e-06
8.89921e-05
3.05176e-05
7.15256e-07
1.90753e-05
-4.88459e-06
0
-1.04332e-05
5.80708e-06
-8.09142e-06
-2.02927e-05
-2.18732e-05
-1.95363e-05
-1.34675e-05
-2.19573e-05
-2.68001e-05
0
-3.4656e-05
-2.87087e-05
-2.2614e-05
1.34475e-05
-2.73778e-05
2.45519e-05
-4.44373e-05
-1.98999e-05
-2.74994e-05
-3.6416e-05
-1.82095e-05
-1.24566e-05
-3.31337e-05
1.19606e-05
-2.09209e-05
1.14828e-05
-4.05312e-06
0
-1.37832e-05
-5.05113e-05
-2.24155e-06
5.64495e-05
-3.57628e-06
3.84172e-05
1.52588e-05
4.76837e-07
7.62939e-06
-5.01433e-06
-2.07158e-05
-1.08089e-05
2.98386e-05
-8.30381e-06
-1.76644e-05
-2.28908e-05
-4.0422e-05
-1.31431e-05
-1.98723e-05
-2.78525e-05
0
-3.26922e-05
-7.62939e-06
-2.22351e-05
1.30905e-05
-2.81468e-05
4.41645e-05
-4.31429e-05
-3.41604e-05
-2.68032e-05
0
-1.84938e-05
-4.00738e-05
-3.17934e-05
2.76339e-05
-2.08949e-05
4.14117e-05
-4.37835e-06
0
-1.37194e-05
-2.87421e-05
-2.4172e-06
1.52588e-05
-3.8147e-06
1.52588e-05
0
0
6.46108e-06
-2.86386e-06
0
-1.18907e-05
9.9586e-06
-8.37546e-06
8.60778e-06
-2.18298e-05
-2.24443e-05
-1.29517e-05
0
-2.91888e-05
-1.83542e-05
-3.32637e-05
-2.91225e-05
-2.1777e-05
1.43628e-05
-3.37512e-05
5.12388e-05
-4.38625e-05
-4.03082e-05
-2.84502e-05
0
-1.74863e-05
-2.70074e-05
-3.20872e-05
1.52588e-05
-2.16092e-05
4.62892e-05
-4.36934e-06
1.52588e-05
-1.2602e-05
-1.56045e-05
-2.19812e-06
0
-3.57628e-06
4.10597e-05
1.52588e-05
0
0
-2.61572e-06
-6.08643e-06
-1.18671e-05
-1.52588e-05
-8.8163e-06
1.73825e-05
-2.12148e-05
0
-1.30695e-05
0
-2.9243e-05
-1.35402e-05
-3.25877e-05
-4.03652e-05
-2.11498e-05
0
-3.86213e-05
3.76429e-05
-4.3169e-05
-3.5338e-05
-3.2674e-05
-4.01444e-05
-1.74341e-05
-5.92172e-05
-3.2334e-05
1.21725e-05
-2.26888e-05
3.96397e-05
-4.47263e-06
1.26011e-05
-1.26313e-05
0
-2.15313e-06
0
-4.05312e-06
4.98389e-05
3.05176e-05
-2.38419e-07
-1.01525e-05
-2.67226e-06
-2.72449e-05
-1.13607e-05
0
-9.16565e-06
-7.62939e-06
-2.12572e-05
9.72802e-06
-1.32451e-05
1.75664e-05
-2.95513e-05
-1.74918e-05
-2.9895e-05
-1.2731e-05
-1.98032e-05
2.09229e-05
-4.03361e-05
7.97197e-05
-4.04396e-05
-3.98119e-05
-2.88221e-05
1.75886e-05
-1.64713e-05
0
-3.16779e-05
0
-2.27364e-05
5.1747e-05
-4.5628e-06
1.49223e-05
-1.28906e-05
-2.00474e-05
-2.26724e-06
0
-4.17233e-06
1.22744e-05
1.52588e-05
-4.76837e-07
0
-2.43132e-06
-2.78624e-05
-1.16739e-05
-1.96568e-05
-8.7477e-06
0
-2.18744e-05
0
-1.36375e-05
0
-2.97462e-05
0
-3.10566e-05
-2.98553e-05
-2.02048e-05
1.42091e-05
-4.52021e-05
3.66866e-05
-4.08014e-05
-3.84851e-05
-3.2342e-05
0
-1.63501e-05
0
-3.02386e-05
2.43037e-05
-2.38167e-05
4.35968e-05
-4.56193e-06
3.40433e-05
-1.26383e-05
-1.08588e-05
-2.14577e-06
0
-3.93391e-06
3.99317e-05
1.52588e-05
-5.2967e-07
-1.52588e-05
-2.40492e-06
0
-1.09883e-05
0
-8.81593e-06
6.17998e-06
-2.14195e-05
0
-1.3752e-05
0
-3.01714e-05
-1.0172e-05
-2.90918e-05
0
-1.96231e-05
0
-4.42513e-05
2.56575e-05
-3.80128e-05
-1.03519e-05
-3.1701e-05
1.97064e-05
-1.66464e-05
1.56042e-05
-3.03979e-05
0
-2.32678e-05
7.59124e-05
-4.71294e-06
-1.58467e-06
-1.30231e-05
-6.09035e-05
-2.02656e-06
-1.88859e-05
-4.29153e-06
3.86635e-05
0
-5.40733e-07
1.52588e-05
-2.47784e-06
-2.2002e-05
-1.07719e-05
1.52588e-05
-8.99081e-06
7.62939e-06
-2.19937e-05
-7.62939e-06
-1.38624e-05
-1.16479e-05
-3.03786e-05
-7.93763e-06
-2.97134e-05
-9.79697e-06
-1.94227e-05
1.04895e-05
-4.59526e-05
1.52588e-05
-3.79876e-05
3.46761e-05
-3.31663e-05
0
-1.68388e-05
1.52588e-05
-3.04218e-05
-1.9842e-05
-2.42853e-05
5.87934e-05
-4.82047e-06
3.11792e-05
-1.12653e-05
-5.97046e-05
-1.78814e-06
1.99051e-05
-4.52995e-06
0
1.52588e-05
-9.53222e-07
0
-1.79299e-06
-2.18096e-05
-1.08465e-05
0
-9.19104e-06
2.95787e-05
-2.13989e-05
-7.62939e-06
-1.38674e-05
-7.62939e-06
-3.06128e-05
-3.0351e-05
-2.93268e-05
-1.52588e-05
-1.91794e-05
0
-4.62901e-05
1.23661e-06
-3.89606e-05
1.52588e-05
-3.34325e-05
3.43845e-05
-1.70127e-05
-3.15728e-05
-2.70868e-05
0
-2.50434e-05
7.75186e-05
-5.09276e-06
1.48601e-05
-1.11867e-05
-4.45953e-05
-1.78814e-06
-2.70209e-06
-4.29153e-06
2.03059e-05
0
-2.11759e-06
-2.03589e-05
-1.92336e-06
-7.62939e-06
-1.04252e-05
0
-1.02783e-05
0
-2.18943e-05
-3.00037e-05
-1.39627e-05
-3.0173e-05
-2.93031e-05
-7.62939e-06
-2.80934e-05
0
-1.94853e-05
0
-4.50388e-05
-1.46541e-05
-3.9988e-05
2.89966e-06
-3.31143e-05
-1.72614e-05
-1.62461e-05
1.52588e-05
-2.70421e-05
1.42763e-05
-2.61478e-05
5.17055e-05
-5.86644e-06
4.31038e-06
-1.04256e-05
-3.05176e-05
-1.90735e-06
0
-4.41074e-06
-1.52588e-05
1.52588e-05
-1.30407e-06
-1.01378e-05
-2.14577e-06
-1.84407e-05
-1.04001e-05
-1.16884e-05
-1.05541e-05
-5.84087e-06
-2.08186e-05
-2.60679e-05
-1.37405e-05
-1.52588e-05
-3.01711e-05
-1.19069e-05
-2.89811e-05
-1.72501e-05
-1.95667e-05
-7.31885e-06
-4.43723e-05
-5.10145e-06
-3.82736e-05
2.02574e-05
-3.2294e-05
1.83363e-05
-1.68387e-05
1.86397e-05
-2.71403e-05
-2.02801e-05
-2.73639e-05
2.43806e-05
-6.27653e-06
0
-1.0009e-05
-1.52588e-05
-2.02656e-06
1.99525e-05
-4.29153e-06
-1.31528e-05
0
-2.07543e-06
-1.03774e-05
-1.68055e-06
-1.3809e-05
-1.03632e-05
-1.33608e-05
-1.08708e-05
-2.00547e-05
-2.05002e-05
0
-1.36885e-05
-7.57382e-06
-2.91865e-05
-1.08198e-05
-2.82137e-05
0
-1.91425e-05
7.62939e-06
-4.29264e-05
1.53989e-05
-4.17139e-05
1.86536e-05
-3.41148e-05
-2.00979e-05
-1.6843e-05
0
-2.39371e-05
0
-2.5949e-05
1.81042e-05
-6.34704e-06
3.51806e-05
-1.04455e-05
-3.78088e-05
-1.80019e-06
0
-4.17233e-06
-3.7798e-05
0
-2.01083e-06
-7.62939e-06
-1.90735e-06
-2.1898e-05
-1.06636e-05
-1.96552e-05
-1.01372e-05
0
-2.13173e-05
0
-1.3727e-05
0
-2.91649e-05
-1.52588e-05
-2.82161e-05
7.62939e-06
-1.91841e-05
0
-4.20657e-05
4.45397e-05
-4.04635e-05
2.00715e-05
-3.17499e-05
-1.22916e-05
-1.67588e-05
0
-2.33508e-05
-1.45747e-05
-2.80038e-05
1.8403e-05
-6.85122e-06
0
-9.60606e-06
-2.33178e-05
-1.96374e-06
0
-3.8147e-06
0
1.52588e-05
-2.19336e-06
-1.52588e-05
-1.60385e-06
0
-9.95978e-06
-7.62939e-06
-1.02337e-05
0
-2.143e-05
-7.62939e-06
-1.39538e-05
0
-2.87277e-05
0
-2.91325e-05
1.52588e-05
-1.96815e-05
0
-4.70772e-05
0
-4.16655e-05
1.52588e-05
-3.09545e-05
0
-1.69692e-05
0
-2.20578e-05
1.52588e-05
-2.72616e-05
0
-6.61111e-06
1.52588e-05
-9.0658e-06
0
-1.76858e-06
0
-3.69549e-06
1.52588e-05
1.52588e-05
-1.19209e-06
-2.14577e-06
-7.98702e-06
-1.21593e-05
-1.71661e-05
-1.71661e-05
-2.40803e-05
-2.58684e-05
-2.38419e-05
-3.55244e-05
-3.51667e-05
-2.83718e-05
-2.09808e-05
-2.16961e-05
-2.11e-05
-8.58307e-06
-7.39098e-06
-2.14577e-06
-3.93391e-06
0
0
0
0
0
0
0
0
0
0
0
0
0
0
0
0
0
0
0
0
0
0
0
0
0
0
0
0
0
0
0
0
0
0
0
0
0
0
0
0
0
0
0
0
0
0
0
0
0
0
0
0
0
0
0
0
0
0
0
0
0
0
0
0
0
0
0
0
0
0
0
0
0
0
0
0
0
0
0
0
0
0
0
0
0
0
0
0
0
0
0
0
0
0
0
0
0
0
0
0
0
0
0
0
0
0
0
0
0
0
0
0
0
0
0
0
0
0
0
0
0
0
0
0
0
0
0
0
0
0
0
0
0
0
0
0
0
0
0
0
0
0
0
0
0
0
0
0
0
0
0
0
0
0
0
0
0
0
0
0
0
0
0
0
0
0
0
0
0
0
0
0
0
0
0
0
0
0
0
0
0
0
0
0
0
0
0
0
0
0
0
0
0
0
0
0
0
0
0
0
0
0
0
0
0
0
0
0
0
0
0
0
0
0
0
0
0
0
0
0
0
0
0
0
0
0
0
0
0
0
0
0
0
0
0
0
0
0
0
0
0
0
0
0
0
0
0
0
0
0
0
0
0
0
0
0
0
0
0
0
0
0
0
0
0
0
0
0
0
0
0
0
0
0
0
0
0
0
0
0
0
0
0
0
0
0
0
0
0
0
0
0
0
0
0
0
0
0
0
0
0
0
0
0
0
0
0
0
0
0
0
0
0
0
0
0
0
0
0
0
0
0
0
0
0
0
0
0
0
0
0
0
0
0
0
0
0
0
0
0
0
0
0
0
0
0
0
0
0
0
0
0
0
0
0
0
0
0
0
0
0
0
0
0
0
0
0
0
0
0
0
0
0
0
0
0
0
0
0
0
0
0
0
0
0
0
0
0
0
0
0
0
0
0
0
0
0
0
0
0
0
0
0
0
0
0
0
0
0
0
0
0
0
0
0
0
0
0
0
0
0
0
0
0
0
0
0
0
0
0
0
0
0
0
0
0
0
0
0
0
0
0
0
0
0
0
0
0
0
0
0
0
0
0
0
0
0
0
0
0
0
0
0
0
0
0
0
0
0
0
0
0
0
0
0
0
0
0
0
0
0
0
0
0
0
0
0
0
0
0
0
0
0
0
0
0
0
0
0
0
0
0
0
0
0
0
0
0
0
0
0
0
0
0
0
0
0
0
0
0
0
0
0
0
0
0
0
0
0
0
0
0
0
0
0
0
0
0
0
0
0
0
0
0
0
0
0
0
0
0
0
0
0
0
0
0
0
0
0
0
0
0
0
0
0
0
0
0
0
0
0
0
0
0
0
0
0
0
0
0
0
0
0
0
0
0
0
0
0
0
0
0
0
0
0
0
0
0
0
0
0
0
0
0
0
0
0
0
0
0
0
0
0
0
0
0
0
0
0
0
0
0
0
0
0
0
0
0
0
0
0
0
0
0
0
0
0
0
0
0
0
0
0
0
0
0
0
0
0
0
0
0
0
0
0
0
0
0
0
0
0
0
0
0
0
0
0
0
0
0
0
0
0
0
0
0
0
0
0
0
0
0
0
0
0
0
0
0
0
0
0
0
0
0
0
0
0
0
0
0
0
0
0
0
0
0
0
0
0
0
0
0
0
0
0
0
0
0
0
0
0
0
0
0
0
0
0
0
0
0
0
0
0
0
0
0
0
0
0
0
0
0
0
0
0
0
0
0
0
0
0
0
0
0
0
0
0
0
0
0
0
0
0
0
0
0
0
0
0
0
0
0
0
0
0
0
0
0
0
0
0
0
0
0
0
0
0
0
0
0
0
0
0
0
0
0
0
0
0
0
0
0
0
0
0
0
0
0
0
0
0
0
0
0
0
0
0
0
0
0
0
0
0
0
0
0
0
0
0
0
0
0
0
0
0
0
0
0
0
0
0
0
0
0
0
0
0
0
0
0
0
0
0
0
0
0
0
0
0
0
0
0
0
0
0
0
0
0
0
0
0
0
0
0
0
0
0
0
0
0
0
0
0
0
0
0
0
0
0
0
0
0
0
0
0
0
0
0
0
0
0
0
0
0
0
0
0
0
0
0
0
0
0
0
0
0
0
0
0
0
0
0
0
0
0
0
0
0
0
0
0
0
0
0
0
0
0
0
0
0
0
0
0
0
0
0
0
0
0
0
0
0
0
0
0
0
0
0
0
0
0
0
0
0
0
0
0
0
0
0
0
0
0
0
0
0
0
0
0
0
0
0
0
0
0
0
0
0
0
0
0
0
0
0
0
0
0
0
0
0
0
0
0
0
0
0
0
0
0
0
0
0
0
0
0
0
0
0
0
0
0
0
0
0
0
0
0
0
0
0
0
0
0
0
0
0
0
0
0
0
0
0
0
0
0
0
0
0
0
0
0
0
0
0
0
0
0
0
0
0
0
0
0
0
0
0
0
0
0
0
0
0
0
0
0
0
0
0
0
0
0
0
0
0
0
0
0
0
0
0
0
0
0
0
0
0
0
0
0
0
0
0
0
0
0
0
0
0
0
0
0
0
0
0
0
0
0
0
0
0
0
0
0
0
0
0
0
0
0
0
0
0
0
0
0
0
0
0
0
0
0
0
0
0
0
0
0
0
0
0
0
0
0
0
0
0
0
0
0
0
0
0
0
0
0
0
0
0
0
0
0
0
0
0
0
0
0
0
0
0
0
0
0
0
0
0
0
0
0
0
0
0
0
0
0
0
0
0
0
0
0
0
0
0
0
0
0
0
0
0
0
0
0
0
0
0
0
0
0
0
0
0
0
0
0
0
0
0
0
0
0
0
0
0
0
0
0
0
0
0
0
0
0
0
0
0
0
0
0
0
0
0
0
0
0
0
0
0
0
0
0
0
0
0
0
0
0
0
0
0
0
0
0
0
0
0
0
0
0
0
0
0
0
0
0
0
0
0
0
0
0
0
0
0
0
0
0
0
0
0
0
0
0
0
0
0
0
0
0
0
0
0
0
0
0
0
0
0
0
0
0
0
0
0
0
0
0
0
0
0
0
0
0
0
0
0
0
0
0
0
0
0
0
0
0
0
0
0
0
0
0
0
0
0
0
0
0
0
0
0
0
0
0
0
0
0
0
0
0
0
0
0
0
0
0
0
0
0
0
0
0
0
0
0
0
0
0
0
0
0
0
0
0
0
0
0
0
0
0
0
0
0
0
0
0
0
0
0
0
0
0
0
0
0
0
0
0
0
0
0
0
0
0
0
0
0
0
0
0
0
0
0
0
0
0
0
0
0
0
0
0
0
0
0
0
0
0
0
0
0
0
0
0
0
0
0
0
0
0
0
0
0
0
0
0
0
0
0
0
0
0
0
0
0
0
0
0
0
0
0
0
0
0
0
0
0
0
0
0
0
0
0
0
0
0
0
0
0
0
0
0
0
0
0
0
0
0
0
0
0
0
0
0
0
0
0
0
0
0
0
0
0
0
0
0
0
0
0
0
0
0
0
0
0
0
0
0
0
0
0
0
0
0
0
0
0
0
0
0
0
0
0
0
0
0
0
0
0
0
0
0
0
0
0
0
0
0
0
0
0
0
0
0
0
0
0
0
0
0
0
0
0
0
0
0
0
0
0
0
0
0
0
0
0
0
0
0
0
0
0
0
0
0
0
0
0
0
0
0
0
0
0
0
0
0
0
0
0
0
0
0
0
0
0
0
0
0
0
0
0
0
0
0
0
0
0
0
0
0
0
0
0
0
0
0
0
0
0
0
0
0
0
0
0
0
0
0
0
0
0
0
0
0
0
0
0
0
0
0
0
0
0
0
0
0
0
0
0
0
0
0
0
0
0
0
0
0
0
0
0
0
0
0
0
0
0
0
0
0
0
0
0
0
0
0
0
0
0
0
0
0
0
0
0
0
0
0
0
0
0
0
0
0
0
0
0
0
0
0
0
0
0
0
0
0
0
0
0
0
0
0
0
0
0
0
0
0
0
0
0
0
0
0
0
0
0
0
0
0
0
0
0
0
0
0
0
0
0
0
0
0
0
0
0
0
0
0
0
0
0
0
0
0
0
0
0
0
0
0
0
0
0
0
0
0
0
0
0
0
0
0
0
0
0
0
0
0
0
0
0
0
0
0
0
0
0
0
0
0
0
0
0
0
0
0
0
0
0
0
0
0
0
0
0
0
0
0
0
0
0
0
0
0
0
0
0
0
0
0
0
0
0
0
0
0
0
0
0
0
0
0
0
0
0
0
0
0
0
0
0
0
0
0
0
0
0
0
0
0
0
0
0
0
0
0
0
0
0
0
0
0
0
0
0
0
0
0
0
0
0
0
0
0
0
0
0
0
0
0
0
0
0
0
0
0
0
0
0
0
0
0
0
0
0
0
0
0
0
0
0
0
0
0
0
0
0
0
0
0
0
0
0
0
0
0
0
0
0
0
0
0
0
0
0
0
0
0
0
0
0
0
0
0
0
0
0
0
0
0
0
0
0
0
0
0
0
0
0
0
0
0
0
0
0
0
0
0
0
0
0
0
0
0
0
0
0
0
0
0
0
0
0
0
0
0
0
0
0
0
0
0
0
0
0
0
0
0
0
0
0
0
0
0
0
0
0
0
0
0
0
0
0
0
0
0
0
0
0
0
0
0
0
0
0
0
0
0
0
0
0
0
0
0
0
0
0
0
0
0
0
0
0
0
0
0
0
0
0
0
0
0
0
0
0
0
0
0
0
0
0
0
0
0
0
0
0
0
0
0
0
0
0
0
0
0
0
0
0
0
0
0
0
0
0
0
0
0
0
0
0
0
0
0
0
0
0
0
0
0
0
0
0
0
0
0
0
0
0
0
0
0
0
0
0
0
0
0
0
0
0
0
0
0
0
0
0
0
0
0
0
0
0
0
0
0
0
0
0
0
0
0
0
0
0
0
0
0
0
0
0
0
0
0
0
0
0
0
0
0
0
0
0
0
0
0
0
0
0
0
0
0
0
0
0
0
0
0
0
0
0
0
0
0
0
0
0
0
0
0
0
0
0
0
0
0
0
0
0
0
0
0
0
0
0
0
0
0
0
0
0
0
0
0
0
0
0
0
0
0
0
0
0
0
0
0
0
0
0
0
0
0
0
0
0
0
0
0
0
0
0
0
0
0
0
0
0
0
0
0
0
0
0
0
0
0
0
0
0
0
0
0
0
0
0
0
0
0
0
0
0
0
0
0
0
0
0
0
0
0
0
0
0
0
0
0
0
0
0
0
0
0
0
0
0
0
0
0
0
0
0
0
0
0
0
0
0
0
0
0
0
0
0
0
0
0
0
0
0
0
0
0
0
0
0
0
0
0
0
0
0
0
0
0
0
0
0
0
0
0
0
0
0
0
0
0
0
0
0
0
0
0
0
0
0
0
0
0
0
0
0
0
0
0
0
0
0
0
0
0
0
0
0
0
0
0
0
0
0
0
0
0
0
0
0
0
0
0
0
0
0
0
0
0
0
0
0
0
0
0
0
0
0
0
0
0
0
0
0
0
0
0
0
0
0
0
0
0
0
0
0
0
0
0
0
0
0
0
0
0
0
0
0
0
0
0
0
0
0
0
0
0
0
0
0
0
0
0
0
0
0
0
0
0
0
0
0
0
0
0
0
0
0
0
0
0
0
0
0
0
0
0
0
0
0
0
0
0
0
0
0
0
0
0
0
0
0
0
0
0
0
0
0
0
0
0
0
0
0
0
0
0
0
0
0
0
0
0
0
0
0
0
0
0
0
0
0
0
0
0
0
0
0
0
0
0
0
0
0
0
0
0
0
0
0
0
0
0
0
0
0
0
0
0
0
0
0
0
0
0
0
0
0
0
0
0
0
0
0
0
0
0
0
0
0
0
0
0
0
0
0
0
0
0
0
0
0
0
0
0
0
0
0
0
0
0
0
0
0
0
0
0
0
0
0
0
0
0
0
0
0
0
0
0
0
0
0
0
0
0
0
0
0
0
0
0
0
0
0
0
0
0
0
0
0
0
0
0
0
0
0
0
0
0
0
0
0
0
0
0
0
0
0
0
0
0
0
0
0
0
0
0
0
0
0
0
0
0
0
0
0
0
0
0
0
0
0
0
0
0
0
0
0
0
0
0
0
0
0
0
0
0
0
0
0
0
0
0
0
0
0
0
0
0
0
0
0
0
0
0
0
0
0
0
0
0
0
0
0
0
0
0
0
0
0
0
0
0
0
0
0
0
0
0
0
0
0
0
0
0
0
0
0
0
0
0
0
0
0
0
0
0
0
0
0
0
0
0
0
0
0
0
0
0
0
0
0
0
0
0
0
0
0
0
0
0
0
0
0
0
0
0
0
0
0
0
0
0
0
0
0
0
0
0
0
0
0
0
0
0
0
0
0
0
0
0
0
0
0
0
0
0
0
0
0
0
0
0
0
0
0
0
0
0
0
0
0
0
0
0
0
0
0
0
0
0
0
0
0
0
0
0
0
0
0
0
0
0
0
0
0
0
0
0
0
0
0
0
0
0
0
0
0
0
0
0
0
0
0
0
0
0
0
0
0
0
0
0
0
0
0
0
0
0
0
0
0
0
0
0
0
0
0
0
0
0
0
0
0
0
0
0
0
0
0
0
0
0
0
0
0
0
0
0
0
0
0
0
0
0
0
0
0
0
0
0
0
0
0
0
0
0
0
0
0
0
0
0
0
0
0
0
0
0
0
0
0
0
0
0
0
0
0
0
0
0
0
0
0
0
0
0
0
0
0
0
0
0
0
0
0
0
0
0
0
0
0
0
0
0
0
0
0
0
0
0
0
0
0
0
0
0
0
0
0
0
0
0
0
0
0
0
0
0
0
0
0
0
0
0
0
0
0
0
0
0
0
0
0
0
0
0
0
0
0
0
0
0
0
0
0
0
0
0
0
0
0
0
0
0
0
0
0
0
0
0
0
0
0
0
0
0
0
0
0
0
0
0
0
0
0
0
0
0
0
0
0
0
0
0
0
0
0
0
0
0
0
0
0
0
0
0
0
0
0
0
0
0
0
0
0
0
0
0
0
0
0
0
0
0
0
0
0
0
0
0
0
0
0
0
0
0
0
0
0
0
0
0
0
0
0
0
0
0
0
0
0
0
0
0
0
0
0
0
0
0
0
0
0
0
0
0
0
0
0
0
0
0
0
0
0
0
0
0
0
0
0
0
0
0
0
0
0
0
0
0
0
0
0
0
0
0
0
0
0
0
0
0
0
0
0
0
0
0
0
0
0
0
0
0
0
0
0
0
0
0
0
0
0
0
0
0
0
0
0
0
0
0
0
0
0
0
0
0
0
0
0
0
0
0
0
0
0
0
0
0
0
0
0
0
0
0
0
0
0
0
0
0
0
0
0
0
0
0
0
0
0
0
0
0
0
0
0
0
0
0
0
0
0
0
0
0
0
0
0
0
0
0
0
0
0
0
0
0
0
0
0
0
0
0
0
0
0
0
0
0
0
0
0
0
0
0
0
0
0
0
0
0
0
0
0
0
0
0
0
0
0
0
0
0
0
0
0
0
0
0
0
0
0
0
0
0
0
0
0
0
0
0
0
0
0
0
0
0
0
0
0
0
0
0
0
0
0
0
0
0
0
0
0
0
0
0
0
0
0
0
0
0
0
0
0
0
0
0
0
0
0
0
0
0
0
0
0
0
0
0
0
0
0
0
0
0
0
0
0
0
0
0
0
0
0
0
0
0
0
0
0
0
0
0
0
0
0
0
0
0
0
0
0
0
0
0
0
0
0
0
0
0
0
0
0
0
0
0
0
0
0
0
0
0
0
0
0
0
0
0
0
0
0
0
0
0
0
0
0
0
0
0
0
0
0
0
0
0
0
0
0
0
0
0
0
0
0
0
0
0
0
0
0
0
0
0
0
0
0
0
0
0
0
0
0
0
0
0
0
0
0
0
0
0
0
0
0
0
0
0
0
0
0
0
0
0
0
0
0
0
0
0
0
0
0
0
0
0
0
0
0
0
0
0
0
0
0
0
0
0
0
0
0
0
0
0
0
0
0
0
0
0
0
0
0
0
0
0
0
0
0
0
0
0
0
0
0
0
0
0
0
0
0
0
0
0
0
0
0
0
0
0
0
0
0
0
0
0
0
0
0
0
0
0
0
0
0
0
0
0
0
0
0
0
0
0
0
0
0
0
0
0
0
0
0
0
0
0
0
0
0
0
0
0
0
0
0
0
0
0
0
0
0
0
0
0
0
0
0
0
0
0
0
0
0
0
0
0
0
0
0
0
0
0
0
0
0
0
0
0
0
0
0
0
0
0
0
0
0
0
0
0
0
0
0
0
0
0
0
0
0
0
0
0
0
0
0
0
0
0
0
0
0
0
0
0
0
0
0
0
0
0
0
0
0
0
0
0
0
0
0
0
0
0
0
0
0
0
0
0
0
0
0
0
0
0
0
0
0
0
0
0
0
0
0
0
0
0
0
0
0
0
0
0
0
0
0
0
0
0
0
0
0
0
0
0
0
0
0
0
0
0
0
0
0
0
0
0
0
0
0
0
0
0
0
0
0
0
0
0
0
0
0
0
0
0
0
0
0
0
0
0
0
0
0
0
0
0
0
0
0
0
0
0
0
)
;

boundaryField
{
    inlet
    {
        type            calculated;
        value           nonuniform List<scalar> 
20
(
-7.42428e-06
-7.42428e-06
-7.42428e-06
-7.42428e-06
-7.42428e-06
-7.42428e-06
-7.42428e-06
-7.42428e-06
-7.42428e-06
-7.42428e-06
-7.42428e-06
-7.42428e-06
-7.42428e-06
-7.42428e-06
-7.42428e-06
-7.42428e-06
-7.42428e-06
-7.42428e-06
-7.42428e-06
-7.42428e-06
)
;
    }
    outlet
    {
        type            calculated;
        value           uniform 0;
    }
    frontAndBack
    {
        type            empty;
    }
    topAndBottom
    {
        type            calculated;
        value           uniform 0;
    }
    defaultFaces
    {
        type            empty;
    }
}


// ************************************************************************* //
