/*--------------------------------*- C++ -*----------------------------------*\
  =========                 |
  \\      /  F ield         | OpenFOAM: The Open Source CFD Toolbox
   \\    /   O peration     | Website:  https://openfoam.org
    \\  /    A nd           | Version:  11
     \\/     M anipulation  |
\*---------------------------------------------------------------------------*/
FoamFile
{
    format      ascii;
    class       surfaceScalarField;
    location    "22";
    object      phi;
}
// * * * * * * * * * * * * * * * * * * * * * * * * * * * * * * * * * * * * * //

dimensions      [0 3 -1 0 0 0 0];

internalField   nonuniform List<scalar> 
5320
(
0
0
0
0
0
0
0
0
0
0
0
0
0
0
0
0
0
0
0
0
0
0
0
0
0
0
0
0
0
0
0
0
0
0
0
0
0
0
0
0
0
0
0
0
0
0
0
0
0
0
0
0
0
0
0
0
0
0
0
0
0
0
0
0
0
0
0
0
0
0
0
0
0
0
0
0
0
0
0
0
0
0
0
0
0
0
0
0
0
0
0
0
0
0
0
0
0
0
0
0
0
0
0
0
0
0
0
0
0
0
0
0
0
0
0
0
0
0
0
0
0
0
0
0
0
0
0
0
0
0
0
0
0
0
0
0
0
0
0
0
0
0
0
0
0
0
0
0
0
0
0
0
0
0
0
0
0
0
0
0
0
0
0
0
0
0
0
0
0
0
0
0
0
0
0
0
0
0
0
0
0
0
0
0
0
0
0
0
0
0
0
0
0
0
0
0
0
0
0
0
0
0
0
0
0
0
0
0
0
0
0
0
0
0
0
0
0
0
0
0
0
0
0
0
0
0
0
0
0
0
0
0
0
0
0
0
0
0
0
0
0
0
0
0
0
0
0
0
0
0
0
0
0
0
0
0
0
0
0
0
0
0
0
0
0
0
0
0
0
0
0
0
0
0
0
0
0
0
0
0
0
0
0
0
0
0
0
0
0
0
0
0
0
0
0
0
0
0
0
0
0
0
0
0
0
0
0
0
0
0
0
0
0
0
0
0
0
0
0
0
0
0
0
0
0
0
0
0
0
0
0
0
0
0
0
0
0
0
0
0
0
0
0
0
0
0
0
0
0
0
0
0
0
0
0
0
0
0
0
0
0
0
0
0
0
0
0
0
0
0
0
0
0
0
0
0
0
0
0
0
0
0
0
0
0
0
0
0
0
0
0
0
0
0
0
0
0
0
0
0
0
0
0
0
0
0
0
0
0
0
0
0
0
0
0
0
0
0
0
0
0
0
0
0
0
0
0
0
0
0
0
0
0
0
0
0
0
0
0
0
0
0
0
0
0
0
0
0
0
0
0
0
0
0
0
0
0
0
0
0
0
0
0
0
0
0
0
0
0
0
0
0
0
0
0
0
0
0
0
0
0
0
0
0
0
0
0
0
0
0
0
0
0
0
0
0
0
0
0
0
0
0
0
0
0
0
0
0
0
0
0
0
0
0
0
0
0
0
0
0
0
0
0
0
0
0
0
0
0
0
0
0
0
0
0
0
0
0
0
0
0
0
0
0
0
0
0
0
0
0
0
0
0
0
0
0
0
0
0
0
0
0
0
0
0
0
0
0
0
0
0
0
0
0
0
0
0
0
0
0
0
0
0
0
0
0
0
0
0
0
0
0
0
0
0
0
0
0
0
0
0
0
0
0
0
0
0
0
0
0
0
0
0
0
0
0
0
0
0
0
0
0
0
0
0
0
0
0
0
0
0
0
0
0
0
0
0
0
0
0
0
0
0
0
0
0
0
0
0
0
0
0
0
0
0
0
0
0
0
0
0
0
0
0
0
0
0
0
0
0
0
0
0
0
0
0
0
0
0
0
0
0
0
0
0
0
0
0
0
0
0
0
0
0
0
0
0
0
0
0
0
0
0
0
0
0
0
0
0
0
0
0
0
0
0
0
0
0
0
0
0
0
0
0
0
0
0
0
0
0
0
0
0
0
0
0
0
0
0
0
0
0
0
0
0
0
0
0
0
0
0
0
0
0
0
0
0
0
0
0
3.09944e-06
7.62939e-06
-6.67572e-06
7.62939e-06
-7.15256e-06
7.62939e-06
-8.9407e-06
7.62939e-06
-1.85966e-05
0
-1.7643e-05
-7.62939e-06
-2.44379e-05
0
-2.76566e-05
7.62939e-06
-2.69413e-05
7.62939e-06
-2.92063e-05
1.52588e-05
-3.50475e-05
1.52588e-05
-2.87294e-05
-1.52588e-05
-2.32458e-05
1.52588e-05
-2.63453e-05
0
-1.62125e-05
0
-4.64916e-06
-1.52588e-05
-1.15633e-05
0
-4.05312e-06
0
-2.26498e-06
1.52588e-05
0
3.09944e-06
0
-8.93507e-06
-1.03324e-05
-5.93924e-06
0
-7.46307e-06
0
-2.40195e-05
-1.69848e-05
-1.4017e-05
-8.68968e-06
-2.79044e-05
0
-3.21011e-05
2.60095e-05
-2.36791e-05
-1.52588e-05
-2.61715e-05
1.54183e-05
-4.41119e-05
0
-2.63509e-05
-1.83076e-05
-1.95626e-05
-1.52588e-05
-3.26374e-05
1.37851e-05
-1.86705e-05
0
-4.41074e-06
-1.97584e-05
-1.53376e-05
0
-3.13062e-06
0
-2.38419e-06
6.82754e-05
0
2.86102e-06
6.26367e-06
-8.36294e-06
-3.99533e-05
-6.15933e-06
8.86901e-06
-7.47677e-06
-2.58328e-05
-2.42766e-05
-4.06578e-05
-1.39013e-05
-1.66169e-05
-2.73251e-05
0
-3.39004e-05
0
-2.3427e-05
-7.62939e-06
-2.67901e-05
-2.11368e-05
-4.35344e-05
0
-2.57275e-05
-1.84404e-05
-1.87603e-05
0
-3.23107e-05
4.04722e-05
-1.83262e-05
1.87535e-05
-4.29153e-06
-1.52588e-05
-1.47558e-05
0
-3.14901e-06
3.76121e-05
-2.74181e-06
8.01461e-05
1.52588e-05
2.14577e-06
2.22747e-05
-7.40287e-06
-1.52588e-05
-8.70767e-06
1.52588e-05
-7.35827e-06
0
-2.27954e-05
-1.23473e-05
-1.37048e-05
0
-2.69988e-05
0
-3.31415e-05
8.62656e-06
-2.31218e-05
0
-2.5894e-05
-1.52588e-05
-4.592e-05
-3.90672e-05
-2.7711e-05
-2.08631e-05
-1.99724e-05
-3.74991e-05
-3.53833e-05
-1.52588e-05
-1.9722e-05
1.19576e-05
-4.29153e-06
-3.62448e-05
-1.46902e-05
0
-3.45707e-06
5.96826e-05
-3.21865e-06
3.6787e-05
3.05176e-05
1.66893e-06
1.3488e-05
-6.80912e-06
-3.22885e-05
-8.36461e-06
2.56083e-05
-7.86304e-06
-1.57422e-05
-2.39405e-05
-5.09399e-05
-1.40144e-05
-3.98239e-05
-2.64246e-05
-7.62939e-06
-3.41255e-05
0
-2.3129e-05
0
-2.53875e-05
1.89454e-05
-4.40357e-05
-3.90147e-05
-2.56882e-05
-1.89794e-05
-1.7825e-05
-1.52588e-05
-3.19255e-05
3.41728e-06
-1.95274e-05
2.46415e-05
-4.05312e-06
-1.87802e-05
-1.5583e-05
-3.74094e-05
-3.33786e-06
1.25701e-05
-3.09944e-06
7.73114e-05
3.05176e-05
7.15256e-07
1.91254e-05
-4.94607e-06
0
-1.04159e-05
7.62939e-06
-8.31647e-06
-2.05817e-05
-2.17337e-05
-1.48259e-05
-1.33406e-05
-2.77692e-05
-2.65061e-05
0
-3.47458e-05
-2.11897e-05
-2.28717e-05
7.62939e-06
-2.68956e-05
2.45787e-05
-4.37303e-05
1.05105e-06
-2.79563e-05
-3.63616e-05
-1.8535e-05
-1.37884e-05
-3.32021e-05
1.22141e-05
-2.05064e-05
1.52588e-05
-4.17233e-06
0
-1.42624e-05
-4.54641e-05
-2.98023e-06
5.40648e-05
-3.69549e-06
2.85539e-05
1.52588e-05
7.15256e-07
7.62939e-06
-4.83152e-06
-2.03164e-05
-1.08508e-05
2.97477e-05
-8.21479e-06
-1.00366e-05
-2.28448e-05
-3.03963e-05
-1.31618e-05
-2.60855e-05
-2.78546e-05
0
-3.25213e-05
-7.50061e-06
-2.2108e-05
2.03858e-05
-2.8382e-05
4.42204e-05
-4.32919e-05
-2.65364e-05
-2.68139e-05
0
-1.81057e-05
-2.38867e-05
-3.09785e-05
2.23154e-05
-2.0586e-05
4.99947e-05
-4.29153e-06
0
-1.31364e-05
-3.05176e-05
-3.21865e-06
1.22108e-05
-3.8147e-06
1.52588e-05
0
0
6.07938e-06
-2.86367e-06
0
-1.18712e-05
9.96381e-06
-8.49079e-06
8.54551e-06
-2.18206e-05
-2.16028e-05
-1.29408e-05
0
-2.92137e-05
-1.07256e-05
-3.32883e-05
-2.2704e-05
-2.17602e-05
7.62939e-06
-3.36898e-05
5.14341e-05
-4.40339e-05
-4.03767e-05
-2.85142e-05
0
-1.75027e-05
-2.89886e-05
-3.26973e-05
3.44257e-05
-2.16654e-05
3.85343e-05
-4.64916e-06
1.99828e-05
-1.29754e-05
-1.53661e-05
-2.86102e-06
0
-3.69549e-06
5.28246e-05
1.52588e-05
-2.38419e-07
0
-2.85483e-06
-6.69328e-06
-1.18661e-05
-7.62939e-06
-8.93908e-06
9.74468e-06
-2.14231e-05
0
-1.30788e-05
0
-2.90437e-05
-1.37076e-05
-3.2251e-05
-4.03773e-05
-2.10386e-05
0
-3.85745e-05
5.17319e-05
-4.31547e-05
-1.7336e-05
-3.19711e-05
-4.0165e-05
-1.77636e-05
-5.87761e-05
-3.22299e-05
1.20527e-05
-2.2609e-05
4.36651e-05
-4.88758e-06
1.25805e-05
-1.25814e-05
0
-2.74181e-06
0
-3.93391e-06
4.51718e-05
3.05176e-05
-2.38419e-07
-1.04749e-05
-2.6721e-06
-2.59361e-05
-1.13156e-05
0
-9.19225e-06
-7.62939e-06
-2.12634e-05
1.00719e-05
-1.32373e-05
1.80518e-05
-2.97945e-05
-1.84756e-05
-2.99419e-05
-2.12236e-05
-1.98179e-05
2.86357e-05
-4.04435e-05
7.85689e-05
-4.07745e-05
-4.40946e-05
-2.88458e-05
1.75535e-05
-1.64446e-05
0
-3.17764e-05
0
-2.24591e-05
4.25062e-05
-5.00679e-06
3.86389e-05
-1.27008e-05
-1.52588e-05
-2.5034e-06
0
-4.41074e-06
0
0
-4.76837e-07
0
-2.41939e-06
-2.06473e-05
-1.16769e-05
-1.92033e-05
-8.87057e-06
0
-2.19553e-05
0
-1.36486e-05
0
-2.9596e-05
0
-3.07872e-05
-2.98255e-05
-2.03119e-05
7.62939e-06
-4.48592e-05
4.17703e-05
-4.01556e-05
-2.28299e-05
-3.21845e-05
0
-1.63875e-05
-1.52588e-05
-3.01043e-05
3.95597e-05
-2.39857e-05
2.53492e-05
-5.36442e-06
3.4431e-05
-1.28657e-05
-2.42532e-05
-2.06262e-06
0
-3.93391e-06
2.48253e-05
1.52588e-05
-9.53674e-07
-7.62939e-06
-2.49967e-06
0
-1.09647e-05
0
-8.80436e-06
6.59933e-06
-2.15617e-05
0
-1.374e-05
0
-3.02455e-05
-1.16567e-05
-2.90401e-05
0
-1.95673e-05
0
-4.47254e-05
2.97321e-05
-3.80563e-05
-1.12105e-05
-3.15512e-05
4.63525e-06
-1.66001e-05
3.48602e-07
-3.06458e-05
0
-2.33495e-05
7.36474e-05
-5.96046e-06
1.42227e-05
-1.27935e-05
-7.53379e-05
-2.14577e-06
-1.52588e-05
-4.17233e-06
3.76587e-05
0
-4.76837e-07
7.62939e-06
-2.4767e-06
-2.03397e-05
-1.07297e-05
7.62939e-06
-9.08362e-06
1.52588e-05
-2.19716e-05
-1.19614e-05
-1.38808e-05
-1.81192e-05
-3.02047e-05
-1.59101e-05
-2.95853e-05
-1.05008e-05
-1.90995e-05
1.7626e-05
-4.46605e-05
1.97584e-05
-3.77443e-05
1.98696e-05
-3.30896e-05
0
-1.67003e-05
1.52588e-05
-3.02116e-05
-4.77518e-06
-2.41562e-05
5.92605e-05
-6.19888e-06
3.76395e-05
-1.1385e-05
-4.30065e-05
-1.78814e-06
2.00043e-05
-4.41074e-06
0
1.52588e-05
-1.00751e-06
0
-2.13966e-06
-2.07152e-05
-1.09136e-05
0
-9.24192e-06
2.22082e-05
-2.13943e-05
-1.63106e-05
-1.38556e-05
-1.52588e-05
-3.0425e-05
-2.27936e-05
-2.90119e-05
-1.52588e-05
-1.96597e-05
0
-4.67974e-05
-2.01276e-05
-3.86465e-05
1.7573e-05
-3.33798e-05
3.43854e-05
-1.7037e-05
-3.15816e-05
-2.70843e-05
0
-2.49967e-05
7.74467e-05
-7.03335e-06
1.64132e-05
-1.1297e-05
-5.01234e-05
-1.78814e-06
1.52588e-05
-4.29153e-06
2.02715e-05
0
-2.17809e-06
-2.18879e-05
-2.38419e-06
-1.52588e-05
-1.04258e-05
0
-1.01716e-05
0
-2.16146e-05
-2.84183e-05
-1.38485e-05
-2.82212e-05
-2.93371e-05
-1.40104e-05
-2.77891e-05
0
-1.92749e-05
0
-4.48151e-05
-1.47503e-05
-3.99069e-05
1.84853e-05
-3.32156e-05
-1.73003e-05
-1.60086e-05
1.52588e-05
-2.67702e-05
1.92804e-05
-2.62856e-05
5.56765e-05
-6.5343e-06
1.94539e-05
-1.04254e-05
-1.31489e-05
-1.90735e-06
0
-4.52995e-06
-1.54798e-05
1.52588e-05
-1.31821e-06
-1.01275e-05
-1.44628e-06
-1.42338e-05
-1.0423e-05
-1.92588e-05
-1.05867e-05
-7.62939e-06
-2.09182e-05
-2.3037e-05
-1.38328e-05
-1.23856e-05
-3.01491e-05
-1.18999e-05
-2.89409e-05
-9.37441e-06
-1.96225e-05
-1.07991e-05
-4.41684e-05
-1.8589e-05
-3.85762e-05
2.03689e-05
-3.24237e-05
1.45924e-05
-1.68428e-05
3.05653e-06
-2.68522e-05
-1.52588e-05
-2.70296e-05
2.77492e-05
-6.61976e-06
0
-9.89356e-06
-1.22668e-05
-1.90735e-06
1.99148e-05
-4.29153e-06
-1.52588e-05
0
-1.87588e-06
-7.19399e-06
-1.90735e-06
-6.63829e-06
-1.03466e-05
-7.62939e-06
-1.10646e-05
-2.06031e-05
-2.04421e-05
0
-1.37016e-05
-8.92419e-06
-2.9123e-05
-6.96407e-06
-2.80787e-05
0
-1.90899e-05
7.62939e-06
-4.27689e-05
1.82787e-05
-4.07857e-05
2.01476e-05
-3.32893e-05
-1.52588e-05
-1.69576e-05
0
-2.44616e-05
0
-2.67228e-05
2.61108e-05
-6.52411e-06
3.44273e-05
-1.02428e-05
-3.02341e-05
-2.26498e-06
0
-4.17233e-06
-3.75418e-05
0
-1.92168e-06
-7.62939e-06
-1.5781e-06
-2.18565e-05
-1.05232e-05
-2.05384e-05
-1.00269e-05
0
-2.10985e-05
0
-1.36424e-05
0
-2.91627e-05
-7.62939e-06
-2.82152e-05
7.62939e-06
-1.91803e-05
0
-4.23156e-05
4.44924e-05
-4.07155e-05
2.00111e-05
-3.17094e-05
-1.22545e-05
-1.68572e-05
0
-2.30283e-05
6.7325e-07
-2.74793e-05
1.83927e-05
-6.86066e-06
0
-9.5751e-06
-3.65017e-05
-2.38419e-06
-1.52588e-05
-3.69549e-06
0
1.52588e-05
-2.26695e-06
-1.52588e-05
-1.79656e-06
0
-9.94864e-06
-7.62939e-06
-1.0217e-05
0
-2.14167e-05
-1.52588e-05
-1.39223e-05
0
-2.85978e-05
0
-2.90138e-05
7.62939e-06
-1.95674e-05
0
-4.65418e-05
0
-4.06843e-05
1.52588e-05
-3.06175e-05
-1.52588e-05
-1.69981e-05
0
-2.20042e-05
0
-2.73352e-05
0
-6.76201e-06
1.52588e-05
-9.09114e-06
0
-2.26498e-06
0
-3.69549e-06
1.52588e-05
1.52588e-05
-1.43051e-06
-1.90735e-06
-7.98702e-06
-1.21593e-05
-1.70469e-05
-1.71661e-05
-2.40803e-05
-2.58684e-05
-2.37226e-05
-3.5882e-05
-3.57628e-05
-2.86102e-05
-2.09808e-05
-2.15769e-05
-2.11e-05
-8.58307e-06
-7.27177e-06
-2.26498e-06
-3.93391e-06
0
0
0
0
0
0
0
0
0
0
0
0
0
0
0
0
0
0
0
0
0
0
0
0
0
0
0
0
0
0
0
0
0
0
0
0
0
0
0
0
0
0
0
0
0
0
0
0
0
0
0
0
0
0
0
0
0
0
0
0
0
0
0
0
0
0
0
0
0
0
0
0
0
0
0
0
0
0
0
0
0
0
0
0
0
0
0
0
0
0
0
0
0
0
0
0
0
0
0
0
0
0
0
0
0
0
0
0
0
0
0
0
0
0
0
0
0
0
0
0
0
0
0
0
0
0
0
0
0
0
0
0
0
0
0
0
0
0
0
0
0
0
0
0
0
0
0
0
0
0
0
0
0
0
0
0
0
0
0
0
0
0
0
0
0
0
0
0
0
0
0
0
0
0
0
0
0
0
0
0
0
0
0
0
0
0
0
0
0
0
0
0
0
0
0
0
0
0
0
0
0
0
0
0
0
0
0
0
0
0
0
0
0
0
0
0
0
0
0
0
0
0
0
0
0
0
0
0
0
0
0
0
0
0
0
0
0
0
0
0
0
0
0
0
0
0
0
0
0
0
0
0
0
0
0
0
0
0
0
0
0
0
0
0
0
0
0
0
0
0
0
0
0
0
0
0
0
0
0
0
0
0
0
0
0
0
0
0
0
0
0
0
0
0
0
0
0
0
0
0
0
0
0
0
0
0
0
0
0
0
0
0
0
0
0
0
0
0
0
0
0
0
0
0
0
0
0
0
0
0
0
0
0
0
0
0
0
0
0
0
0
0
0
0
0
0
0
0
0
0
0
0
0
0
0
0
0
0
0
0
0
0
0
0
0
0
0
0
0
0
0
0
0
0
0
0
0
0
0
0
0
0
0
0
0
0
0
0
0
0
0
0
0
0
0
0
0
0
0
0
0
0
0
0
0
0
0
0
0
0
0
0
0
0
0
0
0
0
0
0
0
0
0
0
0
0
0
0
0
0
0
0
0
0
0
0
0
0
0
0
0
0
0
0
0
0
0
0
0
0
0
0
0
0
0
0
0
0
0
0
0
0
0
0
0
0
0
0
0
0
0
0
0
0
0
0
0
0
0
0
0
0
0
0
0
0
0
0
0
0
0
0
0
0
0
0
0
0
0
0
0
0
0
0
0
0
0
0
0
0
0
0
0
0
0
0
0
0
0
0
0
0
0
0
0
0
0
0
0
0
0
0
0
0
0
0
0
0
0
0
0
0
0
0
0
0
0
0
0
0
0
0
0
0
0
0
0
0
0
0
0
0
0
0
0
0
0
0
0
0
0
0
0
0
0
0
0
0
0
0
0
0
0
0
0
0
0
0
0
0
0
0
0
0
0
0
0
0
0
0
0
0
0
0
0
0
0
0
0
0
0
0
0
0
0
0
0
0
0
0
0
0
0
0
0
0
0
0
0
0
0
0
0
0
0
0
0
0
0
0
0
0
0
0
0
0
0
0
0
0
0
0
0
0
0
0
0
0
0
0
0
0
0
0
0
0
0
0
0
0
0
0
0
0
0
0
0
0
0
0
0
0
0
0
0
0
0
0
0
0
0
0
0
0
0
0
0
0
0
0
0
0
0
0
0
0
0
0
0
0
0
0
0
0
0
0
0
0
0
0
0
0
0
0
0
0
0
0
0
0
0
0
0
0
0
0
0
0
0
0
0
0
0
0
0
0
0
0
0
0
0
0
0
0
0
0
0
0
0
0
0
0
0
0
0
0
0
0
0
0
0
0
0
0
0
0
0
0
0
0
0
0
0
0
0
0
0
0
0
0
0
0
0
0
0
0
0
0
0
0
0
0
0
0
0
0
0
0
0
0
0
0
0
0
0
0
0
0
0
0
0
0
0
0
0
0
0
0
0
0
0
0
0
0
0
0
0
0
0
0
0
0
0
0
0
0
0
0
0
0
0
0
0
0
0
0
0
0
0
0
0
0
0
0
0
0
0
0
0
0
0
0
0
0
0
0
0
0
0
0
0
0
0
0
0
0
0
0
0
0
0
0
0
0
0
0
0
0
0
0
0
0
0
0
0
0
0
0
0
0
0
0
0
0
0
0
0
0
0
0
0
0
0
0
0
0
0
0
0
0
0
0
0
0
0
0
0
0
0
0
0
0
0
0
0
0
0
0
0
0
0
0
0
0
0
0
0
0
0
0
0
0
0
0
0
0
0
0
0
0
0
0
0
0
0
0
0
0
0
0
0
0
0
0
0
0
0
0
0
0
0
0
0
0
0
0
0
0
0
0
0
0
0
0
0
0
0
0
0
0
0
0
0
0
0
0
0
0
0
0
0
0
0
0
0
0
0
0
0
0
0
0
0
0
0
0
0
0
0
0
0
0
0
0
0
0
0
0
0
0
0
0
0
0
0
0
0
0
0
0
0
0
0
0
0
0
0
0
0
0
0
0
0
0
0
0
0
0
0
0
0
0
0
0
0
0
0
0
0
0
0
0
0
0
0
0
0
0
0
0
0
0
0
0
0
0
0
0
0
0
0
0
0
0
0
0
0
0
0
0
0
0
0
0
0
0
0
0
0
0
0
0
0
0
0
0
0
0
0
0
0
0
0
0
0
0
0
0
0
0
0
0
0
0
0
0
0
0
0
0
0
0
0
0
0
0
0
0
0
0
0
0
0
0
0
0
0
0
0
0
0
0
0
0
0
0
0
0
0
0
0
0
0
0
0
0
0
0
0
0
0
0
0
0
0
0
0
0
0
0
0
0
0
0
0
0
0
0
0
0
0
0
0
0
0
0
0
0
0
0
0
0
0
0
0
0
0
0
0
0
0
0
0
0
0
0
0
0
0
0
0
0
0
0
0
0
0
0
0
0
0
0
0
0
0
0
0
0
0
0
0
0
0
0
0
0
0
0
0
0
0
0
0
0
0
0
0
0
0
0
0
0
0
0
0
0
0
0
0
0
0
0
0
0
0
0
0
0
0
0
0
0
0
0
0
0
0
0
0
0
0
0
0
0
0
0
0
0
0
0
0
0
0
0
0
0
0
0
0
0
0
0
0
0
0
0
0
0
0
0
0
0
0
0
0
0
0
0
0
0
0
0
0
0
0
0
0
0
0
0
0
0
0
0
0
0
0
0
0
0
0
0
0
0
0
0
0
0
0
0
0
0
0
0
0
0
0
0
0
0
0
0
0
0
0
0
0
0
0
0
0
0
0
0
0
0
0
0
0
0
0
0
0
0
0
0
0
0
0
0
0
0
0
0
0
0
0
0
0
0
0
0
0
0
0
0
0
0
0
0
0
0
0
0
0
0
0
0
0
0
0
0
0
0
0
0
0
0
0
0
0
0
0
0
0
0
0
0
0
0
0
0
0
0
0
0
0
0
0
0
0
0
0
0
0
0
0
0
0
0
0
0
0
0
0
0
0
0
0
0
0
0
0
0
0
0
0
0
0
0
0
0
0
0
0
0
0
0
0
0
0
0
0
0
0
0
0
0
0
0
0
0
0
0
0
0
0
0
0
0
0
0
0
0
0
0
0
0
0
0
0
0
0
0
0
0
0
0
0
0
0
0
0
0
0
0
0
0
0
0
0
0
0
0
0
0
0
0
0
0
0
0
0
0
0
0
0
0
0
0
0
0
0
0
0
0
0
0
0
0
0
0
0
0
0
0
0
0
0
0
0
0
0
0
0
0
0
0
0
0
0
0
0
0
0
0
0
0
0
0
0
0
0
0
0
0
0
0
0
0
0
0
0
0
0
0
0
0
0
0
0
0
0
0
0
0
0
0
0
0
0
0
0
0
0
0
0
0
0
0
0
0
0
0
0
0
0
0
0
0
0
0
0
0
0
0
0
0
0
0
0
0
0
0
0
0
0
0
0
0
0
0
0
0
0
0
0
0
0
0
0
0
0
0
0
0
0
0
0
0
0
0
0
0
0
0
0
0
0
0
0
0
0
0
0
0
0
0
0
0
0
0
0
0
0
0
0
0
0
0
0
0
0
0
0
0
0
0
0
0
0
0
0
0
0
0
0
0
0
0
0
0
0
0
0
0
0
0
0
0
0
0
0
0
0
0
0
0
0
0
0
0
0
0
0
0
0
0
0
0
0
0
0
0
0
0
0
0
0
0
0
0
0
0
0
0
0
0
0
0
0
0
0
0
0
0
0
0
0
0
0
0
0
0
0
0
0
0
0
0
0
0
0
0
0
0
0
0
0
0
0
0
0
0
0
0
0
0
0
0
0
0
0
0
0
0
0
0
0
0
0
0
0
0
0
0
0
0
0
0
0
0
0
0
0
0
0
0
0
0
0
0
0
0
0
0
0
0
0
0
0
0
0
0
0
0
0
0
0
0
0
0
0
0
0
0
0
0
0
0
0
0
0
0
0
0
0
0
0
0
0
0
0
0
0
0
0
0
0
0
0
0
0
0
0
0
0
0
0
0
0
0
0
0
0
0
0
0
0
0
0
0
0
0
0
0
0
0
0
0
0
0
0
0
0
0
0
0
0
0
0
0
0
0
0
0
0
0
0
0
0
0
0
0
0
0
0
0
0
0
0
0
0
0
0
0
0
0
0
0
0
0
0
0
0
0
0
0
0
0
0
0
0
0
0
0
0
0
0
0
0
0
0
0
0
0
0
0
0
0
0
0
0
0
0
0
0
0
0
0
0
0
0
0
0
0
0
0
0
0
0
0
0
0
0
0
0
0
0
0
0
0
0
0
0
0
0
0
0
0
0
0
0
0
0
0
0
0
0
0
0
0
0
0
0
0
0
0
0
0
0
0
0
0
0
0
0
0
0
0
0
0
0
0
0
0
0
0
0
0
0
0
0
0
0
0
0
0
0
0
0
0
0
0
0
0
0
0
0
0
0
0
0
0
0
0
0
0
0
0
0
0
0
0
0
0
0
0
0
0
0
0
0
0
0
0
0
0
0
0
0
0
0
0
0
0
0
0
0
0
0
0
0
0
0
0
0
0
0
0
0
0
0
0
0
0
0
0
0
0
0
0
0
0
0
0
0
0
0
0
0
0
0
0
0
0
0
0
0
0
0
0
0
0
0
0
0
0
0
0
0
0
0
0
0
0
0
0
0
0
0
0
0
0
0
0
0
0
0
0
0
0
0
0
0
0
0
0
0
0
0
0
0
0
0
0
0
0
0
0
0
0
0
0
0
0
0
0
0
0
0
0
0
0
0
0
0
0
0
0
0
0
0
0
0
0
0
0
0
0
0
0
0
0
0
0
0
0
0
0
0
0
0
0
0
0
0
0
0
0
0
0
0
0
0
0
0
0
0
0
0
0
0
0
0
0
0
0
0
0
0
0
0
0
0
0
0
0
0
0
0
0
0
0
0
0
0
0
0
0
0
0
0
0
0
0
0
0
0
0
0
0
0
0
0
0
0
0
0
0
0
0
0
0
0
0
0
0
0
0
0
0
0
0
0
0
0
0
0
0
0
0
0
0
0
0
0
0
0
0
0
0
0
0
0
0
0
0
0
0
0
0
0
0
0
0
0
0
0
0
0
0
0
0
0
0
0
0
0
0
0
0
0
0
0
0
0
0
0
0
0
0
0
0
0
0
0
0
0
0
0
0
0
0
0
0
0
0
0
0
0
0
0
0
0
0
0
0
0
0
0
0
0
0
0
0
0
0
0
0
0
0
0
0
0
0
0
0
0
0
0
0
0
0
0
0
0
0
0
0
0
0
0
0
0
0
0
0
0
0
0
0
0
0
0
0
0
0
0
0
0
0
0
0
0
0
0
0
0
0
0
0
0
0
0
0
0
0
0
0
0
0
0
0
0
0
0
0
0
0
0
0
0
0
0
0
0
0
0
0
0
0
0
0
0
0
0
0
0
0
0
0
0
0
0
0
0
0
0
0
0
0
0
0
0
0
0
0
0
0
0
0
0
0
0
0
0
0
0
0
0
0
0
0
0
0
0
0
0
0
0
0
0
0
0
0
0
0
0
0
0
0
0
0
0
0
0
0
0
0
0
0
0
0
0
0
0
0
0
0
0
0
0
0
0
0
0
0
0
0
0
0
0
0
0
0
0
0
0
0
0
0
0
0
0
0
0
0
0
0
0
0
0
0
0
0
0
0
0
0
0
0
0
0
0
0
0
0
0
0
0
0
0
0
0
0
0
0
0
0
0
0
0
0
0
0
0
0
0
0
0
0
0
0
0
0
0
0
0
0
0
0
0
0
0
0
0
0
0
0
0
0
0
0
0
0
0
0
0
0
0
0
0
0
0
0
0
0
0
0
0
0
0
0
0
0
0
0
0
0
0
0
0
0
0
0
0
0
0
0
0
0
0
0
0
0
0
0
0
0
0
0
0
0
0
0
0
0
0
0
0
0
0
0
0
0
0
0
0
0
0
0
0
0
0
0
0
0
0
0
0
0
0
0
0
0
0
0
0
0
0
0
0
0
0
0
0
0
0
0
0
0
0
0
0
0
0
0
0
0
0
0
0
0
0
0
0
0
0
0
0
0
0
0
0
0
0
0
0
0
0
0
0
0
0
0
0
0
0
0
0
0
0
0
0
0
0
0
0
0
0
0
0
0
0
0
0
0
0
0
0
0
0
0
0
0
0
0
0
0
0
0
0
0
0
0
0
0
0
0
0
0
0
0
0
0
0
0
0
0
0
0
0
0
0
0
0
0
0
0
0
0
0
0
0
0
0
0
0
0
0
0
0
0
0
0
0
0
0
0
0
0
0
0
0
0
0
0
0
0
0
0
0
0
0
0
0
0
0
0
0
0
0
0
0
0
0
0
0
0
0
0
0
0
0
0
0
0
0
0
0
0
0
0
0
0
0
0
0
0
0
0
0
0
0
0
0
0
0
0
0
0
0
0
0
0
0
0
0
0
0
0
0
0
0
0
0
0
0
0
0
0
0
0
0
0
0
0
0
0
0
0
0
0
0
0
0
0
0
0
0
0
0
0
0
0
0
0
0
0
0
0
0
0
0
0
0
0
0
0
0
0
0
0
0
0
0
0
0
0
0
0
0
0
0
0
0
0
0
0
0
0
0
0
0
0
0
0
0
0
0
0
0
0
0
0
0
0
0
0
0
0
0
0
0
0
0
0
0
0
0
0
0
0
0
0
0
0
0
0
0
0
0
0
0
0
0
0
0
0
0
0
0
0
0
0
0
0
0
0
0
0
0
0
0
0
0
0
0
0
0
0
0
0
0
0
0
0
0
0
0
0
0
0
0
0
0
0
0
0
0
0
0
0
0
0
0
0
0
0
0
0
0
0
0
0
0
0
0
0
0
0
0
0
0
0
0
0
0
0
0
0
0
0
0
0
0
0
0
0
0
0
0
0
0
0
0
0
0
0
0
0
0
0
0
0
0
0
0
0
0
0
0
0
0
0
0
0
0
0
0
0
0
0
0
0
0
0
0
0
0
0
0
0
0
0
0
0
0
0
0
0
0
0
0
0
0
0
0
0
0
0
0
0
0
0
0
0
0
0
0
0
0
0
0
0
0
0
0
0
0
0
0
0
0
0
0
0
0
0
0
0
0
0
0
0
0
0
0
0
0
0
0
0
0
0
0
0
0
0
0
0
0
0
0
0
0
0
0
0
0
0
0
0
0
0
0
0
0
0
0
0
0
0
0
0
0
0
0
0
0
0
0
0
0
0
0
0
0
0
0
0
0
0
0
0
0
0
0
0
0
0
0
0
0
0
0
0
0
0
0
0
0
0
0
0
0
0
0
0
0
0
0
0
0
0
0
0
0
0
0
0
0
0
0
0
0
0
0
0
0
0
0
0
0
0
0
0
0
0
0
0
0
0
0
0
0
0
0
0
0
0
0
0
0
0
0
0
0
0
0
0
0
0
0
0
0
0
0
0
0
0
0
0
0
0
0
0
0
0
0
0
0
0
0
0
0
0
0
0
0
0
0
0
0
0
0
0
0
0
0
0
0
0
0
0
0
0
0
0
0
0
0
0
0
0
0
0
0
0
0
0
0
0
0
0
0
0
0
0
0
0
0
0
0
0
0
0
0
0
0
0
0
0
0
0
0
0
0
0
0
0
0
0
0
0
0
0
0
0
0
0
0
0
0
0
0
0
0
0
0
0
0
0
0
0
0
0
0
0
0
0
0
0
0
0
0
0
0
0
0
0
0
0
0
0
0
0
0
0
0
0
0
0
0
0
0
0
0
0
0
0
0
0
0
0
0
0
0
0
0
0
0
0
0
0
0
0
0
0
0
0
0
0
0
0
0
0
0
0
0
0
0
0
0
0
0
0
0
0
0
0
0
0
0
0
0
0
0
0
0
0
0
0
0
0
0
0
0
0
0
0
0
0
0
0
0
0
0
0
0
0
0
0
0
0
0
0
0
0
0
0
0
0
0
0
0
0
0
0
0
0
0
0
0
0
0
0
0
0
0
0
0
0
0
0
0
0
0
0
0
0
0
0
0
0
0
0
0
0
0
0
0
0
0
0
0
0
0
0
0
0
0
0
0
0
0
0
0
0
0
0
0
0
0
0
0
0
0
0
0
0
0
0
0
0
0
0
0
0
0
0
0
0
0
0
0
0
0
0
0
0
0
0
0
0
0
0
0
0
)
;

boundaryField
{
    inlet
    {
        type            calculated;
        value           nonuniform List<scalar> 
20
(
-7.42428e-06
-7.42428e-06
-7.42428e-06
-7.42428e-06
-7.42428e-06
-7.42428e-06
-7.42428e-06
-7.42428e-06
-7.42428e-06
-7.42428e-06
-7.42428e-06
-7.42428e-06
-7.42428e-06
-7.42428e-06
-7.42428e-06
-7.42428e-06
-7.42428e-06
-7.42428e-06
-7.42428e-06
-7.42428e-06
)
;
    }
    outlet
    {
        type            calculated;
        value           uniform 0;
    }
    frontAndBack
    {
        type            empty;
    }
    topAndBottom
    {
        type            calculated;
        value           uniform 0;
    }
    defaultFaces
    {
        type            empty;
    }
}


// ************************************************************************* //
