/*--------------------------------*- C++ -*----------------------------------*\
  =========                 |
  \\      /  F ield         | OpenFOAM: The Open Source CFD Toolbox
   \\    /   O peration     | Website:  https://openfoam.org
    \\  /    A nd           | Version:  11
     \\/     M anipulation  |
\*---------------------------------------------------------------------------*/
FoamFile
{
    format      ascii;
    class       surfaceScalarField;
    location    "44";
    object      phi;
}
// * * * * * * * * * * * * * * * * * * * * * * * * * * * * * * * * * * * * * //

dimensions      [0 3 -1 0 0 0 0];

internalField   nonuniform List<scalar> 
5320
(
0
0
0
0
0
0
0
0
0
0
0
0
0
0
0
0
0
0
0
0
0
0
0
0
0
0
0
0
0
0
0
0
0
0
0
0
0
0
0
0
0
0
0
0
0
0
0
0
0
0
0
0
0
0
0
0
0
0
0
0
0
0
0
0
0
0
0
0
0
0
0
0
0
0
0
0
0
0
0
0
0
0
0
0
0
0
0
0
0
0
0
0
0
0
0
0
0
0
0
0
0
0
0
0
0
0
0
0
0
0
0
0
0
0
0
0
0
0
0
0
0
0
0
0
0
0
0
0
0
0
0
0
0
0
0
0
0
0
0
0
0
0
0
0
0
0
0
0
0
0
0
0
0
0
0
0
0
0
0
0
0
0
0
0
0
0
0
0
0
0
0
0
0
0
0
0
0
0
0
0
0
0
0
0
0
0
0
0
0
0
0
0
0
0
0
0
0
0
0
0
0
0
0
0
0
0
0
0
0
0
0
0
0
0
0
0
0
0
0
0
0
0
0
0
0
0
0
0
0
0
0
0
0
0
0
0
0
0
0
0
0
0
0
0
0
0
0
0
0
0
0
0
0
0
0
0
0
0
0
0
0
0
0
0
0
0
0
0
0
0
0
0
0
0
0
0
0
0
0
0
0
0
0
0
0
0
0
0
0
0
0
0
0
0
0
0
0
0
0
0
0
0
0
0
0
0
0
0
0
0
0
0
0
0
0
0
0
0
0
0
0
0
0
0
0
0
0
0
0
0
0
0
0
0
0
0
0
0
0
0
0
0
0
0
0
0
0
0
0
0
0
0
0
0
0
0
0
0
0
0
0
0
0
0
0
0
0
0
0
0
0
0
0
0
0
0
0
0
0
0
0
0
0
0
0
0
0
0
0
0
0
0
0
0
0
0
0
0
0
0
0
0
0
0
0
0
0
0
0
0
0
0
0
0
0
0
0
0
0
0
0
0
0
0
0
0
0
0
0
0
0
0
0
0
0
0
0
0
0
0
0
0
0
0
0
0
0
0
0
0
0
0
0
0
0
0
0
0
0
0
0
0
0
0
0
0
0
0
0
0
0
0
0
0
0
0
0
0
0
0
0
0
0
0
0
0
0
0
0
0
0
0
0
0
0
0
0
0
0
0
0
0
0
0
0
0
0
0
0
0
0
0
0
0
0
0
0
0
0
0
0
0
0
0
0
0
0
0
0
0
0
0
0
0
0
0
0
0
0
0
0
0
0
0
0
0
0
0
0
0
0
0
0
0
0
0
0
0
0
0
0
0
0
0
0
0
0
0
0
0
0
0
0
0
0
0
0
0
0
0
0
0
0
0
0
0
0
0
0
0
0
0
0
0
0
0
0
0
0
0
0
0
0
0
0
0
0
0
0
0
0
0
0
0
0
0
0
0
0
0
0
0
0
0
0
0
0
0
0
0
0
0
0
0
0
0
0
0
0
0
0
0
0
0
0
0
0
0
0
0
0
0
0
0
0
0
0
0
0
0
0
0
0
0
0
0
0
0
0
0
0
0
0
0
0
0
0
0
0
0
0
0
0
0
0
0
0
0
0
0
0
0
0
0
0
0
0
0
0
0
0
0
0
0
0
0
0
0
0
0
0
0
0
0
0
0
0
0
0
0
0
0
0
0
0
0
0
0
0
0
0
0
0
0
0
0
0
0
0
0
0
0
0
0
0
0
0
0
0
0
0
0
0
0
0
0
0
0
0
0
3.09944e-06
7.62939e-06
-6.4373e-06
7.62939e-06
-7.15256e-06
7.62939e-06
-8.9407e-06
7.62939e-06
-1.85966e-05
0
-1.7643e-05
-1.52588e-05
-2.44379e-05
0
-2.77758e-05
7.62939e-06
-2.70605e-05
7.62939e-06
-2.93255e-05
1.52588e-05
-3.50475e-05
1.52588e-05
-2.87294e-05
-1.52588e-05
-2.32458e-05
1.52588e-05
-2.6226e-05
0
-1.62125e-05
0
-4.64916e-06
-1.52588e-05
-1.16825e-05
0
-4.05312e-06
0
-2.26498e-06
1.52588e-05
0
3.09944e-06
0
-8.70906e-06
-1.05486e-05
-6.06866e-06
0
-7.33149e-06
0
-2.38625e-05
-6.98113e-06
-1.39989e-05
-8.72203e-06
-2.81894e-05
0
-3.21975e-05
2.78185e-05
-2.36046e-05
-7.62939e-06
-2.60093e-05
1.03944e-08
-4.39474e-05
0
-2.61807e-05
-1.83124e-05
-1.97525e-05
-1.52588e-05
-3.30088e-05
1.52588e-05
-1.87504e-05
0
-4.52995e-06
-1.89991e-05
-1.51863e-05
0
-3.32451e-06
0
-2.38419e-06
6.66013e-05
0
3.09944e-06
1.40052e-05
-8.60253e-06
-4.02056e-05
-6.18209e-06
8.86814e-06
-7.58753e-06
-1.82178e-05
-2.42606e-05
-3.97131e-05
-1.39139e-05
-1.66256e-05
-2.76863e-05
0
-3.39868e-05
0
-2.3425e-05
-7.62939e-06
-2.65773e-05
-2.11496e-05
-4.37823e-05
0
-2.54497e-05
-1.88387e-05
-1.88501e-05
0
-3.23352e-05
3.4578e-05
-1.87145e-05
1.86971e-05
-4.29153e-06
-1.9268e-05
-1.47883e-05
0
-2.69918e-06
2.23281e-05
-2.74181e-06
8.06102e-05
1.52588e-05
2.38419e-06
1.32567e-05
-7.54646e-06
-1.0605e-05
-8.73903e-06
7.62939e-06
-7.47195e-06
0
-2.2832e-05
-2.11605e-05
-1.37035e-05
0
-2.73117e-05
0
-3.3209e-05
7.08907e-06
-2.31567e-05
0
-2.56247e-05
-1.52588e-05
-4.57129e-05
-3.67475e-05
-2.71535e-05
-3.83203e-05
-1.95305e-05
-3.69646e-05
-3.51192e-05
-1.52588e-05
-1.98762e-05
1.52588e-05
-4.29153e-06
-3.85169e-05
-1.46726e-05
0
-2.58428e-06
6.06477e-05
-3.21865e-06
3.96564e-05
3.05176e-05
1.43051e-06
6.1785e-06
-6.89283e-06
-3.21393e-05
-8.39091e-06
1.98551e-05
-7.9856e-06
-6.19268e-06
-2.39957e-05
-5.08858e-05
-1.40141e-05
-3.97756e-05
-2.69616e-05
-1.52588e-05
-3.42488e-05
0
-2.31496e-05
0
-2.57527e-05
1.96455e-05
-4.38429e-05
-2.38315e-05
-2.57113e-05
-1.38411e-06
-1.81905e-05
-1.64402e-05
-3.13204e-05
1.87106e-05
-1.9092e-05
4.87262e-05
-4.17233e-06
-1.84079e-05
-1.59699e-05
-4.09013e-05
-2.67204e-06
1.52588e-05
-3.09944e-06
8.66244e-05
3.05176e-05
7.15256e-07
1.91232e-05
-4.95887e-06
0
-1.03728e-05
1.52588e-05
-8.18962e-06
-2.16944e-05
-2.17313e-05
-2.13555e-05
-1.33509e-05
-1.90582e-05
-2.70432e-05
0
-3.47639e-05
-2.87243e-05
-2.2721e-05
1.52588e-05
-2.67953e-05
2.47056e-05
-4.41453e-05
-4.72057e-06
-2.71615e-05
-3.6414e-05
-1.85769e-05
-1.38556e-05
-3.35725e-05
1.52588e-05
-2.07822e-05
2.47027e-05
-4.17233e-06
0
-1.38964e-05
-6.0399e-05
-2.26134e-06
5.89609e-05
-3.69549e-06
3.83617e-05
1.52588e-05
4.76837e-07
7.62939e-06
-4.82136e-06
-2.79805e-05
-1.08495e-05
2.07666e-05
-8.30073e-06
-1.08372e-05
-2.30394e-05
-4.07427e-05
-1.32455e-05
-2.99655e-05
-2.77851e-05
0
-3.27828e-05
-7.48776e-06
-2.20884e-05
1.30164e-05
-2.79476e-05
4.4309e-05
-4.32521e-05
-2.07854e-05
-2.63394e-05
0
-1.78796e-05
-3.23968e-05
-3.14288e-05
1.62306e-05
-2.08692e-05
4.06104e-05
-4.41074e-06
0
-1.35663e-05
-2.98819e-05
-2.36305e-06
1.21769e-05
-3.8147e-06
1.52588e-05
0
0
6.35274e-06
-2.61953e-06
0
-1.18514e-05
1.00678e-05
-8.28561e-06
8.53803e-06
-2.1502e-05
-1.42654e-05
-1.28524e-05
0
-2.92836e-05
-1.00735e-05
-3.31297e-05
-2.29617e-05
-2.17308e-05
6.02857e-06
-3.40745e-05
6.84771e-05
-4.37817e-05
-4.03502e-05
-2.91886e-05
0
-1.77925e-05
-3.65773e-05
-3.17301e-05
3.65934e-05
-2.12355e-05
5.49828e-05
-4.45525e-06
2.00476e-05
-1.28602e-05
3.6544e-07
-2.37656e-06
0
-3.69549e-06
4.42918e-05
1.52588e-05
-2.38419e-07
0
-2.65553e-06
-5.91621e-06
-1.18905e-05
-7.62939e-06
-8.93039e-06
1.05373e-05
-2.14954e-05
0
-1.30575e-05
0
-2.93096e-05
-1.34345e-05
-3.24254e-05
-4.03262e-05
-2.12396e-05
0
-3.96424e-05
5.26523e-05
-4.35921e-05
-3.95889e-05
-3.25925e-05
-4.06354e-05
-1.75671e-05
-4.05961e-05
-3.29045e-05
1.52588e-05
-2.26918e-05
7.32763e-05
-4.50327e-06
-2.22508e-06
-1.25614e-05
0
-2.16867e-06
0
-3.93391e-06
6.0393e-05
3.05176e-05
-2.38419e-07
-1.01473e-05
-2.6746e-06
-1.87781e-05
-1.12752e-05
0
-9.19048e-06
-7.62939e-06
-2.13059e-05
1.06317e-05
-1.32479e-05
9.91746e-06
-2.96146e-05
-2.03395e-05
-3.01493e-05
-2.07355e-05
-1.95626e-05
2.77919e-05
-3.933e-05
8.613e-05
-4.01747e-05
-4.01033e-05
-2.90838e-05
1.76251e-05
-1.63907e-05
0
-3.18547e-05
0
-2.29262e-05
4.18002e-05
-4.60321e-06
1.33989e-05
-1.28734e-05
-2.00648e-05
-2.5034e-06
0
-4.29153e-06
1.22595e-05
1.52588e-05
-4.76837e-07
0
-2.49857e-06
-2.83099e-05
-1.17012e-05
-1.92091e-05
-8.86225e-06
0
-2.18796e-05
0
-1.36466e-05
0
-2.95792e-05
0
-3.10991e-05
-2.19989e-05
-2.03834e-05
1.42505e-05
-4.54295e-05
2.91059e-05
-4.02684e-05
-2.00082e-05
-3.2777e-05
0
-1.64803e-05
-1.52588e-05
-2.98474e-05
4.03343e-05
-2.36556e-05
2.68426e-05
-4.57053e-06
3.25736e-05
-1.26256e-05
-1.07524e-05
-2.26498e-06
0
-3.93391e-06
2.4669e-05
1.52588e-05
-9.53674e-07
-1.52588e-05
-2.54041e-06
0
-1.09334e-05
0
-8.80249e-06
5.84528e-06
-2.15727e-05
0
-1.37574e-05
0
-3.02003e-05
-1.01741e-05
-2.91515e-05
0
-1.94019e-05
0
-4.44877e-05
4.10633e-05
-3.8699e-05
-1.91815e-05
-3.15325e-05
1.97078e-05
-1.6542e-05
3.42463e-07
-3.07533e-05
0
-2.33743e-05
7.62935e-05
-4.68291e-06
1.42495e-05
-1.30478e-05
-8.17232e-05
-2.14577e-06
-1.86881e-05
-4.29153e-06
3.88103e-05
0
-5.63517e-07
7.62939e-06
-2.48193e-06
-2.81156e-05
-1.07396e-05
7.62939e-06
-8.88725e-06
1.38178e-05
-2.1948e-05
-5.83324e-06
-1.39693e-05
-1.16624e-05
-3.05683e-05
-1.74693e-05
-2.98499e-05
-1.9358e-05
-1.9311e-05
1.92899e-05
-4.51816e-05
1.99241e-05
-3.79273e-05
3.48334e-05
-3.337e-05
0
-1.67208e-05
1.52588e-05
-3.03273e-05
-1.88081e-05
-2.42451e-05
5.74822e-05
-4.82354e-06
3.15809e-05
-1.11421e-05
-4.20148e-05
-1.66893e-06
1.99121e-05
-4.52995e-06
0
1.52588e-05
-9.54238e-07
0
-2.05175e-06
-2.03484e-05
-1.09194e-05
0
-9.30648e-06
2.03289e-05
-2.15154e-05
-7.62939e-06
-1.37794e-05
-8.44356e-06
-3.03921e-05
-2.22403e-05
-2.94617e-05
-1.52588e-05
-1.97106e-05
0
-4.70779e-05
-2.02368e-05
-3.81848e-05
1.9825e-05
-3.32638e-05
3.50727e-05
-1.70196e-05
-3.15711e-05
-2.69356e-05
0
-2.49191e-05
8.32084e-05
-5.31865e-06
1.52588e-05
-1.1202e-05
-3.63835e-05
-1.78814e-06
1.24463e-05
-4.29153e-06
2.03062e-05
0
-2.07966e-06
-2.04553e-05
-1.85868e-06
-7.62939e-06
-1.04462e-05
0
-1.0135e-05
0
-2.17009e-05
-2.09127e-05
-1.38419e-05
-2.0679e-05
-2.93325e-05
-7.90964e-06
-2.82326e-05
0
-1.92047e-05
0
-4.45757e-05
0
-4.08205e-05
1.81401e-05
-3.36845e-05
-1.73018e-05
-1.60854e-05
1.52588e-05
-2.68194e-05
1.87587e-05
-2.59553e-05
7.99729e-05
-5.9066e-06
1.886e-05
-1.04662e-05
-3.05176e-05
-1.90735e-06
0
-4.52995e-06
-1.52588e-05
1.52588e-05
-1.73834e-06
-1.01292e-05
-2.14577e-06
-1.68271e-05
-1.0478e-05
-1.01183e-05
-1.05868e-05
-1.75094e-05
-2.09507e-05
-1.41059e-05
-1.3839e-05
-1.2387e-05
-3.01211e-05
-1.21015e-05
-2.9027e-05
-9.35978e-06
-1.95846e-05
-1.07993e-05
-4.41419e-05
-1.52588e-05
-3.84641e-05
3.60637e-05
-3.24137e-05
1.80641e-05
-1.69276e-05
1.83036e-05
-2.74875e-05
-2.0382e-05
-2.71969e-05
5.42823e-05
-6.46427e-06
0
-1.00357e-05
3.01679e-06
-1.90735e-06
1.99473e-05
-4.17233e-06
-1.29143e-05
0
-1.93934e-06
-1.37532e-05
-1.90735e-06
-6.52583e-06
-1.03777e-05
-5.73233e-06
-1.09581e-05
-2.54948e-05
-2.04801e-05
0
-1.37119e-05
-6.50144e-06
-2.92622e-05
-1.14217e-05
-2.8247e-05
0
-1.93119e-05
1.52588e-05
-4.38438e-05
-1.31406e-06
-4.17327e-05
1.52588e-05
-3.36748e-05
-1.52588e-05
-1.67438e-05
0
-2.46817e-05
0
-2.67155e-05
2.88087e-05
-6.21457e-06
3.53048e-05
-1.0241e-05
-1.88397e-05
-1.76936e-06
0
-4.17233e-06
-3.6564e-05
0
-1.82566e-06
-7.62939e-06
-1.66893e-06
-2.07441e-05
-1.05543e-05
-1.88566e-05
-1.01695e-05
0
-2.13372e-05
0
-1.37386e-05
0
-2.91409e-05
-7.62939e-06
-2.82208e-05
1.52588e-05
-1.92904e-05
0
-4.22164e-05
4.11994e-05
-4.06012e-05
1.90167e-05
-3.2016e-05
-1.22493e-05
-1.69591e-05
0
-2.35197e-05
-1.83933e-05
-2.76254e-05
1.83002e-05
-6.70298e-06
0
-9.46819e-06
-1.52588e-05
-1.84849e-06
-1.87688e-05
-3.8147e-06
0
1.52588e-05
-2.266e-06
-1.52588e-05
-1.55512e-06
0
-9.89901e-06
-7.62939e-06
-1.02811e-05
0
-2.14138e-05
-1.52588e-05
-1.39494e-05
0
-2.88896e-05
0
-2.9343e-05
1.52588e-05
-1.9493e-05
0
-4.63618e-05
0
-4.14712e-05
1.52588e-05
-3.12216e-05
-1.52588e-05
-1.6784e-05
0
-2.21188e-05
0
-2.69836e-05
0
-6.67614e-06
1.52588e-05
-9.09323e-06
0
-1.89627e-06
0
-3.69549e-06
1.52588e-05
1.52588e-05
-1.43051e-06
-1.90735e-06
-7.98702e-06
-1.21593e-05
-1.70469e-05
-1.72853e-05
-2.39611e-05
-2.57492e-05
-2.37226e-05
-3.55244e-05
-3.50475e-05
-2.83718e-05
-2.11e-05
-2.16961e-05
-2.14577e-05
-8.70228e-06
-7.39098e-06
-2.26498e-06
-3.8147e-06
0
0
0
0
0
0
0
0
0
0
0
0
0
0
0
0
0
0
0
0
0
0
0
0
0
0
0
0
0
0
0
0
0
0
0
0
0
0
0
0
0
0
0
0
0
0
0
0
0
0
0
0
0
0
0
0
0
0
0
0
0
0
0
0
0
0
0
0
0
0
0
0
0
0
0
0
0
0
0
0
0
0
0
0
0
0
0
0
0
0
0
0
0
0
0
0
0
0
0
0
0
0
0
0
0
0
0
0
0
0
0
0
0
0
0
0
0
0
0
0
0
0
0
0
0
0
0
0
0
0
0
0
0
0
0
0
0
0
0
0
0
0
0
0
0
0
0
0
0
0
0
0
0
0
0
0
0
0
0
0
0
0
0
0
0
0
0
0
0
0
0
0
0
0
0
0
0
0
0
0
0
0
0
0
0
0
0
0
0
0
0
0
0
0
0
0
0
0
0
0
0
0
0
0
0
0
0
0
0
0
0
0
0
0
0
0
0
0
0
0
0
0
0
0
0
0
0
0
0
0
0
0
0
0
0
0
0
0
0
0
0
0
0
0
0
0
0
0
0
0
0
0
0
0
0
0
0
0
0
0
0
0
0
0
0
0
0
0
0
0
0
0
0
0
0
0
0
0
0
0
0
0
0
0
0
0
0
0
0
0
0
0
0
0
0
0
0
0
0
0
0
0
0
0
0
0
0
0
0
0
0
0
0
0
0
0
0
0
0
0
0
0
0
0
0
0
0
0
0
0
0
0
0
0
0
0
0
0
0
0
0
0
0
0
0
0
0
0
0
0
0
0
0
0
0
0
0
0
0
0
0
0
0
0
0
0
0
0
0
0
0
0
0
0
0
0
0
0
0
0
0
0
0
0
0
0
0
0
0
0
0
0
0
0
0
0
0
0
0
0
0
0
0
0
0
0
0
0
0
0
0
0
0
0
0
0
0
0
0
0
0
0
0
0
0
0
0
0
0
0
0
0
0
0
0
0
0
0
0
0
0
0
0
0
0
0
0
0
0
0
0
0
0
0
0
0
0
0
0
0
0
0
0
0
0
0
0
0
0
0
0
0
0
0
0
0
0
0
0
0
0
0
0
0
0
0
0
0
0
0
0
0
0
0
0
0
0
0
0
0
0
0
0
0
0
0
0
0
0
0
0
0
0
0
0
0
0
0
0
0
0
0
0
0
0
0
0
0
0
0
0
0
0
0
0
0
0
0
0
0
0
0
0
0
0
0
0
0
0
0
0
0
0
0
0
0
0
0
0
0
0
0
0
0
0
0
0
0
0
0
0
0
0
0
0
0
0
0
0
0
0
0
0
0
0
0
0
0
0
0
0
0
0
0
0
0
0
0
0
0
0
0
0
0
0
0
0
0
0
0
0
0
0
0
0
0
0
0
0
0
0
0
0
0
0
0
0
0
0
0
0
0
0
0
0
0
0
0
0
0
0
0
0
0
0
0
0
0
0
0
0
0
0
0
0
0
0
0
0
0
0
0
0
0
0
0
0
0
0
0
0
0
0
0
0
0
0
0
0
0
0
0
0
0
0
0
0
0
0
0
0
0
0
0
0
0
0
0
0
0
0
0
0
0
0
0
0
0
0
0
0
0
0
0
0
0
0
0
0
0
0
0
0
0
0
0
0
0
0
0
0
0
0
0
0
0
0
0
0
0
0
0
0
0
0
0
0
0
0
0
0
0
0
0
0
0
0
0
0
0
0
0
0
0
0
0
0
0
0
0
0
0
0
0
0
0
0
0
0
0
0
0
0
0
0
0
0
0
0
0
0
0
0
0
0
0
0
0
0
0
0
0
0
0
0
0
0
0
0
0
0
0
0
0
0
0
0
0
0
0
0
0
0
0
0
0
0
0
0
0
0
0
0
0
0
0
0
0
0
0
0
0
0
0
0
0
0
0
0
0
0
0
0
0
0
0
0
0
0
0
0
0
0
0
0
0
0
0
0
0
0
0
0
0
0
0
0
0
0
0
0
0
0
0
0
0
0
0
0
0
0
0
0
0
0
0
0
0
0
0
0
0
0
0
0
0
0
0
0
0
0
0
0
0
0
0
0
0
0
0
0
0
0
0
0
0
0
0
0
0
0
0
0
0
0
0
0
0
0
0
0
0
0
0
0
0
0
0
0
0
0
0
0
0
0
0
0
0
0
0
0
0
0
0
0
0
0
0
0
0
0
0
0
0
0
0
0
0
0
0
0
0
0
0
0
0
0
0
0
0
0
0
0
0
0
0
0
0
0
0
0
0
0
0
0
0
0
0
0
0
0
0
0
0
0
0
0
0
0
0
0
0
0
0
0
0
0
0
0
0
0
0
0
0
0
0
0
0
0
0
0
0
0
0
0
0
0
0
0
0
0
0
0
0
0
0
0
0
0
0
0
0
0
0
0
0
0
0
0
0
0
0
0
0
0
0
0
0
0
0
0
0
0
0
0
0
0
0
0
0
0
0
0
0
0
0
0
0
0
0
0
0
0
0
0
0
0
0
0
0
0
0
0
0
0
0
0
0
0
0
0
0
0
0
0
0
0
0
0
0
0
0
0
0
0
0
0
0
0
0
0
0
0
0
0
0
0
0
0
0
0
0
0
0
0
0
0
0
0
0
0
0
0
0
0
0
0
0
0
0
0
0
0
0
0
0
0
0
0
0
0
0
0
0
0
0
0
0
0
0
0
0
0
0
0
0
0
0
0
0
0
0
0
0
0
0
0
0
0
0
0
0
0
0
0
0
0
0
0
0
0
0
0
0
0
0
0
0
0
0
0
0
0
0
0
0
0
0
0
0
0
0
0
0
0
0
0
0
0
0
0
0
0
0
0
0
0
0
0
0
0
0
0
0
0
0
0
0
0
0
0
0
0
0
0
0
0
0
0
0
0
0
0
0
0
0
0
0
0
0
0
0
0
0
0
0
0
0
0
0
0
0
0
0
0
0
0
0
0
0
0
0
0
0
0
0
0
0
0
0
0
0
0
0
0
0
0
0
0
0
0
0
0
0
0
0
0
0
0
0
0
0
0
0
0
0
0
0
0
0
0
0
0
0
0
0
0
0
0
0
0
0
0
0
0
0
0
0
0
0
0
0
0
0
0
0
0
0
0
0
0
0
0
0
0
0
0
0
0
0
0
0
0
0
0
0
0
0
0
0
0
0
0
0
0
0
0
0
0
0
0
0
0
0
0
0
0
0
0
0
0
0
0
0
0
0
0
0
0
0
0
0
0
0
0
0
0
0
0
0
0
0
0
0
0
0
0
0
0
0
0
0
0
0
0
0
0
0
0
0
0
0
0
0
0
0
0
0
0
0
0
0
0
0
0
0
0
0
0
0
0
0
0
0
0
0
0
0
0
0
0
0
0
0
0
0
0
0
0
0
0
0
0
0
0
0
0
0
0
0
0
0
0
0
0
0
0
0
0
0
0
0
0
0
0
0
0
0
0
0
0
0
0
0
0
0
0
0
0
0
0
0
0
0
0
0
0
0
0
0
0
0
0
0
0
0
0
0
0
0
0
0
0
0
0
0
0
0
0
0
0
0
0
0
0
0
0
0
0
0
0
0
0
0
0
0
0
0
0
0
0
0
0
0
0
0
0
0
0
0
0
0
0
0
0
0
0
0
0
0
0
0
0
0
0
0
0
0
0
0
0
0
0
0
0
0
0
0
0
0
0
0
0
0
0
0
0
0
0
0
0
0
0
0
0
0
0
0
0
0
0
0
0
0
0
0
0
0
0
0
0
0
0
0
0
0
0
0
0
0
0
0
0
0
0
0
0
0
0
0
0
0
0
0
0
0
0
0
0
0
0
0
0
0
0
0
0
0
0
0
0
0
0
0
0
0
0
0
0
0
0
0
0
0
0
0
0
0
0
0
0
0
0
0
0
0
0
0
0
0
0
0
0
0
0
0
0
0
0
0
0
0
0
0
0
0
0
0
0
0
0
0
0
0
0
0
0
0
0
0
0
0
0
0
0
0
0
0
0
0
0
0
0
0
0
0
0
0
0
0
0
0
0
0
0
0
0
0
0
0
0
0
0
0
0
0
0
0
0
0
0
0
0
0
0
0
0
0
0
0
0
0
0
0
0
0
0
0
0
0
0
0
0
0
0
0
0
0
0
0
0
0
0
0
0
0
0
0
0
0
0
0
0
0
0
0
0
0
0
0
0
0
0
0
0
0
0
0
0
0
0
0
0
0
0
0
0
0
0
0
0
0
0
0
0
0
0
0
0
0
0
0
0
0
0
0
0
0
0
0
0
0
0
0
0
0
0
0
0
0
0
0
0
0
0
0
0
0
0
0
0
0
0
0
0
0
0
0
0
0
0
0
0
0
0
0
0
0
0
0
0
0
0
0
0
0
0
0
0
0
0
0
0
0
0
0
0
0
0
0
0
0
0
0
0
0
0
0
0
0
0
0
0
0
0
0
0
0
0
0
0
0
0
0
0
0
0
0
0
0
0
0
0
0
0
0
0
0
0
0
0
0
0
0
0
0
0
0
0
0
0
0
0
0
0
0
0
0
0
0
0
0
0
0
0
0
0
0
0
0
0
0
0
0
0
0
0
0
0
0
0
0
0
0
0
0
0
0
0
0
0
0
0
0
0
0
0
0
0
0
0
0
0
0
0
0
0
0
0
0
0
0
0
0
0
0
0
0
0
0
0
0
0
0
0
0
0
0
0
0
0
0
0
0
0
0
0
0
0
0
0
0
0
0
0
0
0
0
0
0
0
0
0
0
0
0
0
0
0
0
0
0
0
0
0
0
0
0
0
0
0
0
0
0
0
0
0
0
0
0
0
0
0
0
0
0
0
0
0
0
0
0
0
0
0
0
0
0
0
0
0
0
0
0
0
0
0
0
0
0
0
0
0
0
0
0
0
0
0
0
0
0
0
0
0
0
0
0
0
0
0
0
0
0
0
0
0
0
0
0
0
0
0
0
0
0
0
0
0
0
0
0
0
0
0
0
0
0
0
0
0
0
0
0
0
0
0
0
0
0
0
0
0
0
0
0
0
0
0
0
0
0
0
0
0
0
0
0
0
0
0
0
0
0
0
0
0
0
0
0
0
0
0
0
0
0
0
0
0
0
0
0
0
0
0
0
0
0
0
0
0
0
0
0
0
0
0
0
0
0
0
0
0
0
0
0
0
0
0
0
0
0
0
0
0
0
0
0
0
0
0
0
0
0
0
0
0
0
0
0
0
0
0
0
0
0
0
0
0
0
0
0
0
0
0
0
0
0
0
0
0
0
0
0
0
0
0
0
0
0
0
0
0
0
0
0
0
0
0
0
0
0
0
0
0
0
0
0
0
0
0
0
0
0
0
0
0
0
0
0
0
0
0
0
0
0
0
0
0
0
0
0
0
0
0
0
0
0
0
0
0
0
0
0
0
0
0
0
0
0
0
0
0
0
0
0
0
0
0
0
0
0
0
0
0
0
0
0
0
0
0
0
0
0
0
0
0
0
0
0
0
0
0
0
0
0
0
0
0
0
0
0
0
0
0
0
0
0
0
0
0
0
0
0
0
0
0
0
0
0
0
0
0
0
0
0
0
0
0
0
0
0
0
0
0
0
0
0
0
0
0
0
0
0
0
0
0
0
0
0
0
0
0
0
0
0
0
0
0
0
0
0
0
0
0
0
0
0
0
0
0
0
0
0
0
0
0
0
0
0
0
0
0
0
0
0
0
0
0
0
0
0
0
0
0
0
0
0
0
0
0
0
0
0
0
0
0
0
0
0
0
0
0
0
0
0
0
0
0
0
0
0
0
0
0
0
0
0
0
0
0
0
0
0
0
0
0
0
0
0
0
0
0
0
0
0
0
0
0
0
0
0
0
0
0
0
0
0
0
0
0
0
0
0
0
0
0
0
0
0
0
0
0
0
0
0
0
0
0
0
0
0
0
0
0
0
0
0
0
0
0
0
0
0
0
0
0
0
0
0
0
0
0
0
0
0
0
0
0
0
0
0
0
0
0
0
0
0
0
0
0
0
0
0
0
0
0
0
0
0
0
0
0
0
0
0
0
0
0
0
0
0
0
0
0
0
0
0
0
0
0
0
0
0
0
0
0
0
0
0
0
0
0
0
0
0
0
0
0
0
0
0
0
0
0
0
0
0
0
0
0
0
0
0
0
0
0
0
0
0
0
0
0
0
0
0
0
0
0
0
0
0
0
0
0
0
0
0
0
0
0
0
0
0
0
0
0
0
0
0
0
0
0
0
0
0
0
0
0
0
0
0
0
0
0
0
0
0
0
0
0
0
0
0
0
0
0
0
0
0
0
0
0
0
0
0
0
0
0
0
0
0
0
0
0
0
0
0
0
0
0
0
0
0
0
0
0
0
0
0
0
0
0
0
0
0
0
0
0
0
0
0
0
0
0
0
0
0
0
0
0
0
0
0
0
0
0
0
0
0
0
0
0
0
0
0
0
0
0
0
0
0
0
0
0
0
0
0
0
0
0
0
0
0
0
0
0
0
0
0
0
0
0
0
0
0
0
0
0
0
0
0
0
0
0
0
0
0
0
0
0
0
0
0
0
0
0
0
0
0
0
0
0
0
0
0
0
0
0
0
0
0
0
0
0
0
0
0
0
0
0
0
0
0
0
0
0
0
0
0
0
0
0
0
0
0
0
0
0
0
0
0
0
0
0
0
0
0
0
0
0
0
0
0
0
0
0
0
0
0
0
0
0
0
0
0
0
0
0
0
0
0
0
0
0
0
0
0
0
0
0
0
0
0
0
0
0
0
0
0
0
0
0
0
0
0
0
0
0
0
0
0
0
0
0
0
0
0
0
0
0
0
0
0
0
0
0
0
0
0
0
0
0
0
0
0
0
0
0
0
0
0
0
0
0
0
0
0
0
0
0
0
0
0
0
0
0
0
0
0
0
0
0
0
0
0
0
0
0
0
0
0
0
0
0
0
0
0
0
0
0
0
0
0
0
0
0
0
0
0
0
0
0
0
0
0
0
0
0
0
0
0
0
0
0
0
0
0
0
0
0
0
0
0
0
0
0
0
0
0
0
0
0
0
0
0
0
0
0
0
0
0
0
0
0
0
0
0
0
0
0
0
0
0
0
0
0
0
0
0
0
0
0
0
0
0
0
0
0
0
0
0
0
0
0
0
0
0
0
0
0
0
0
0
0
0
0
0
0
0
0
0
0
0
0
0
0
0
0
0
0
0
0
0
0
0
0
0
0
0
0
0
0
0
0
0
0
0
0
0
0
0
0
0
0
0
0
0
0
0
0
0
0
0
0
0
0
0
0
0
0
0
0
0
0
0
0
0
0
0
0
0
0
0
0
0
0
0
0
0
0
0
0
0
0
0
0
0
0
0
0
0
0
0
0
0
0
0
0
0
0
0
0
0
0
0
0
0
0
0
0
0
0
0
0
0
0
0
0
0
0
0
0
0
0
0
0
0
0
0
0
0
0
0
0
0
0
0
0
0
0
0
0
0
0
0
0
0
0
0
0
0
0
0
0
0
0
0
0
0
0
0
0
0
0
0
0
0
0
0
0
0
0
0
0
0
0
0
0
0
0
0
0
0
0
0
0
0
0
0
0
0
0
0
0
0
0
0
0
0
0
0
0
0
0
0
0
0
0
0
0
0
0
0
0
0
0
0
0
0
0
0
0
0
0
0
0
0
0
0
0
0
0
0
0
0
0
0
0
0
0
0
0
0
0
0
0
0
0
0
0
0
0
0
0
0
0
0
0
0
0
0
0
0
0
0
0
0
0
0
0
0
0
0
0
0
0
0
0
0
0
0
0
0
0
0
0
0
0
0
0
0
0
0
0
0
0
0
0
0
0
0
0
0
0
0
0
0
0
0
0
0
0
0
0
0
0
0
0
0
0
0
0
0
0
0
0
0
0
0
0
0
0
0
0
0
0
0
0
0
0
0
0
0
0
0
0
0
0
0
0
0
0
0
0
0
0
0
0
0
0
0
0
0
0
0
0
0
0
0
0
0
0
0
0
0
0
0
0
0
0
0
0
0
0
0
0
0
0
0
0
0
0
0
0
0
0
0
0
0
0
0
0
0
0
0
0
0
0
0
0
0
0
0
0
0
0
0
0
0
0
0
0
0
0
0
0
0
0
0
0
0
0
0
0
0
0
0
0
0
0
0
0
0
0
0
0
0
0
0
0
0
0
0
0
0
0
0
0
0
0
0
0
0
0
0
0
0
0
0
0
0
0
0
0
0
0
0
0
0
0
0
0
0
0
0
0
0
0
0
0
0
0
0
0
0
0
0
0
0
0
0
0
0
0
0
0
0
0
0
0
0
0
0
0
0
0
0
0
0
0
0
0
0
0
0
0
0
0
0
0
0
0
0
0
0
0
0
0
0
0
0
0
0
0
0
0
0
0
0
0
0
0
0
0
0
0
0
0
0
0
0
0
0
0
0
0
0
0
0
0
0
0
0
0
0
0
0
0
0
0
0
0
0
0
0
0
0
0
0
0
0
0
0
0
0
0
0
0
0
0
0
0
0
0
0
0
0
0
0
0
0
0
0
0
0
0
0
0
0
0
0
0
0
0
0
0
0
0
0
)
;

boundaryField
{
    inlet
    {
        type            calculated;
        value           nonuniform List<scalar> 
20
(
-7.42428e-06
-7.42428e-06
-7.42428e-06
-7.42428e-06
-7.42428e-06
-7.42428e-06
-7.42428e-06
-7.42428e-06
-7.42428e-06
-7.42428e-06
-7.42428e-06
-7.42428e-06
-7.42428e-06
-7.42428e-06
-7.42428e-06
-7.42428e-06
-7.42428e-06
-7.42428e-06
-7.42428e-06
-7.42428e-06
)
;
    }
    outlet
    {
        type            calculated;
        value           uniform 0;
    }
    frontAndBack
    {
        type            empty;
    }
    topAndBottom
    {
        type            calculated;
        value           uniform 0;
    }
    defaultFaces
    {
        type            empty;
    }
}


// ************************************************************************* //
