/*--------------------------------*- C++ -*----------------------------------*\
  =========                 |
  \\      /  F ield         | OpenFOAM: The Open Source CFD Toolbox
   \\    /   O peration     | Website:  https://openfoam.org
    \\  /    A nd           | Version:  11
     \\/     M anipulation  |
\*---------------------------------------------------------------------------*/
FoamFile
{
    format      ascii;
    class       surfaceScalarField;
    location    "18";
    object      phi;
}
// * * * * * * * * * * * * * * * * * * * * * * * * * * * * * * * * * * * * * //

dimensions      [0 3 -1 0 0 0 0];

internalField   nonuniform List<scalar> 
5320
(
0
0
0
0
0
0
0
0
0
0
0
0
0
0
0
0
0
0
0
0
0
0
0
0
0
0
0
0
0
0
0
0
0
0
0
0
0
0
0
0
0
0
0
0
0
0
0
0
0
0
0
0
0
0
0
0
0
0
0
0
0
0
0
0
0
0
0
0
0
0
0
0
0
0
0
0
0
0
0
0
0
0
0
0
0
0
0
0
0
0
0
0
0
0
0
0
0
0
0
0
0
0
0
0
0
0
0
0
0
0
0
0
0
0
0
0
0
0
0
0
0
0
0
0
0
0
0
0
0
0
0
0
0
0
0
0
0
0
0
0
0
0
0
0
0
0
0
0
0
0
0
0
0
0
0
0
0
0
0
0
0
0
0
0
0
0
0
0
0
0
0
0
0
0
0
0
0
0
0
0
0
0
0
0
0
0
0
0
0
0
0
0
0
0
0
0
0
0
0
0
0
0
0
0
0
0
0
0
0
0
0
0
0
0
0
0
0
0
0
0
0
0
0
0
0
0
0
0
0
0
0
0
0
0
0
0
0
0
0
0
0
0
0
0
0
0
0
0
0
0
0
0
0
0
0
0
0
0
0
0
0
0
0
0
0
0
0
0
0
0
0
0
0
0
0
0
0
0
0
0
0
0
0
0
0
0
0
0
0
0
0
0
0
0
0
0
0
0
0
0
0
0
0
0
0
0
0
0
0
0
0
0
0
0
0
0
0
0
0
0
0
0
0
0
0
0
0
0
0
0
0
0
0
0
0
0
0
0
0
0
0
0
0
0
0
0
0
0
0
0
0
0
0
0
0
0
0
0
0
0
0
0
0
0
0
0
0
0
0
0
0
0
0
0
0
0
0
0
0
0
0
0
0
0
0
0
0
0
0
0
0
0
0
0
0
0
0
0
0
0
0
0
0
0
0
0
0
0
0
0
0
0
0
0
0
0
0
0
0
0
0
0
0
0
0
0
0
0
0
0
0
0
0
0
0
0
0
0
0
0
0
0
0
0
0
0
0
0
0
0
0
0
0
0
0
0
0
0
0
0
0
0
0
0
0
0
0
0
0
0
0
0
0
0
0
0
0
0
0
0
0
0
0
0
0
0
0
0
0
0
0
0
0
0
0
0
0
0
0
0
0
0
0
0
0
0
0
0
0
0
0
0
0
0
0
0
0
0
0
0
0
0
0
0
0
0
0
0
0
0
0
0
0
0
0
0
0
0
0
0
0
0
0
0
0
0
0
0
0
0
0
0
0
0
0
0
0
0
0
0
0
0
0
0
0
0
0
0
0
0
0
0
0
0
0
0
0
0
0
0
0
0
0
0
0
0
0
0
0
0
0
0
0
0
0
0
0
0
0
0
0
0
0
0
0
0
0
0
0
0
0
0
0
0
0
0
0
0
0
0
0
0
0
0
0
0
0
0
0
0
0
0
0
0
0
0
0
0
0
0
0
0
0
0
0
0
0
0
0
0
0
0
0
0
0
0
0
0
0
0
0
0
0
0
0
0
0
0
0
0
0
0
0
0
0
0
0
0
0
0
0
0
0
0
0
0
0
0
0
0
0
0
0
0
0
0
0
0
0
0
0
0
0
0
0
0
0
0
0
0
0
0
0
0
0
0
0
0
0
0
0
0
0
0
0
0
0
0
0
0
0
0
0
0
0
0
0
0
0
0
0
0
0
0
0
0
0
0
0
0
0
0
0
0
0
0
0
0
0
0
2.86102e-06
7.62939e-06
-6.4373e-06
7.62939e-06
-7.15256e-06
1.52588e-05
-8.9407e-06
7.62939e-06
-1.85966e-05
0
-1.7643e-05
-7.62939e-06
-2.44379e-05
0
-2.77758e-05
7.62939e-06
-2.70605e-05
7.62939e-06
-2.94447e-05
7.62939e-06
-3.46899e-05
0
-2.87294e-05
-1.52588e-05
-2.3365e-05
1.52588e-05
-2.6226e-05
0
-1.62125e-05
0
-4.64916e-06
-1.52588e-05
-1.15633e-05
0
-4.05312e-06
0
-2.26498e-06
1.52588e-05
0
3.09944e-06
0
-8.9355e-06
-1.14089e-05
-6.05815e-06
0
-7.46145e-06
0
-2.39983e-05
-1.57301e-05
-1.4006e-05
-8.77377e-06
-2.75964e-05
0
-3.18572e-05
2.11359e-05
-2.37243e-05
-1.52588e-05
-2.61513e-05
1.08272e-06
-4.46814e-05
0
-2.68245e-05
-3.39695e-05
-1.93641e-05
-1.52588e-05
-3.26491e-05
1.4285e-05
-1.85316e-05
0
-4.52995e-06
-1.95455e-05
-1.53376e-05
0
-3.10724e-06
0
-2.38419e-06
7.67929e-05
0
2.86102e-06
6.27322e-06
-8.57178e-06
-3.22564e-05
-6.12653e-06
8.9863e-06
-7.61244e-06
-2.58465e-05
-2.40628e-05
-3.83696e-05
-1.38067e-05
-8.98291e-06
-2.70727e-05
0
-3.40057e-05
0
-2.34645e-05
-7.62939e-06
-2.68928e-05
-3.54133e-05
-4.32314e-05
0
-2.55835e-05
-3.14496e-06
-1.87092e-05
0
-3.24376e-05
3.97341e-05
-1.83472e-05
3.59177e-06
-4.41074e-06
-1.91032e-05
-1.48697e-05
0
-3.336e-06
3.74498e-05
-2.74181e-06
7.43965e-05
1.52588e-05
2.14577e-06
1.22187e-05
-7.32448e-06
-1.83001e-05
-8.58691e-06
7.62939e-06
-7.46548e-06
0
-2.28488e-05
-2.39136e-05
-1.37051e-05
0
-2.68889e-05
0
-3.30276e-05
7.62939e-06
-2.3073e-05
0
-2.57816e-05
-1.54776e-05
-4.55297e-05
-2.13893e-05
-2.75356e-05
-3.53373e-05
-1.96888e-05
-3.70777e-05
-3.50438e-05
-1.52588e-05
-1.98878e-05
-2.94259e-06
-4.29153e-06
-3.89816e-05
-1.48005e-05
0
-3.33786e-06
4.51663e-05
-3.09944e-06
3.6891e-05
3.05176e-05
1.43051e-06
1.00257e-05
-6.86516e-06
-3.24827e-05
-8.17793e-06
2.63943e-05
-7.99228e-06
-1.37627e-05
-2.39435e-05
-5.08769e-05
-1.40141e-05
-3.9629e-05
-2.61613e-05
-7.62939e-06
-3.39538e-05
0
-2.32453e-05
0
-2.57573e-05
1.48616e-05
-4.41514e-05
-2.36416e-05
-2.6191e-05
-1.8927e-05
-1.79456e-05
1.24547e-07
-3.15364e-05
4.05212e-06
-1.91934e-05
2.92952e-05
-4.05312e-06
-1.87463e-05
-1.55806e-05
-2.71013e-05
-3.45707e-06
1.25873e-05
-3.09944e-06
7.37472e-05
3.05176e-05
9.53674e-07
2.67161e-05
-5.00172e-06
0
-1.03892e-05
8.75235e-06
-8.06958e-06
-2.80014e-05
-2.17713e-05
-1.19084e-05
-1.33458e-05
-2.95047e-05
-2.62054e-05
0
-3.45825e-05
-2.873e-05
-2.2777e-05
1.52588e-05
-2.71245e-05
2.47921e-05
-4.38291e-05
-1.91115e-05
-2.77646e-05
-3.63675e-05
-1.83753e-05
0
-3.29969e-05
1.2084e-05
-2.04556e-05
8.18742e-06
-4.17233e-06
0
-1.432e-05
-5.93561e-05
-3.09944e-06
3.97161e-05
-3.57628e-06
2.38715e-05
1.52588e-05
4.76837e-07
7.62939e-06
-4.62615e-06
-2.03161e-05
-1.09011e-05
2.08675e-05
-8.3063e-06
-1.00422e-05
-2.29942e-05
-4.07828e-05
-1.327e-05
-2.14512e-05
-2.76709e-05
0
-3.25587e-05
-1.51154e-05
-2.22156e-05
1.33616e-05
-2.88705e-05
4.43008e-05
-4.34623e-05
-2.39461e-05
-2.72574e-05
0
-1.84541e-05
-2.40709e-05
-3.17238e-05
3.44366e-05
-2.10738e-05
3.8374e-05
-4.41074e-06
0
-1.35066e-05
-2.8949e-05
-3.09944e-06
1.21514e-05
-3.8147e-06
1.52588e-05
0
0
6.00742e-06
-2.86596e-06
0
-1.18715e-05
9.9507e-06
-8.50423e-06
8.54539e-06
-2.16487e-05
-2.08427e-05
-1.28255e-05
0
-2.87619e-05
-1.0172e-05
-3.29038e-05
-2.77008e-05
-2.17034e-05
7.62939e-06
-3.30568e-05
5.27136e-05
-4.34032e-05
-4.02674e-05
-2.85993e-05
0
-1.7769e-05
-3.81144e-05
-3.22042e-05
2.76671e-05
-2.15711e-05
3.88391e-05
-4.56849e-06
1.87203e-05
-1.27781e-05
-1.53506e-05
-2.98023e-06
0
-3.57628e-06
5.94611e-05
1.52588e-05
-2.38419e-07
0
-2.66195e-06
-6.69547e-06
-1.1854e-05
-7.62939e-06
-8.83044e-06
9.81476e-06
-2.15113e-05
0
-1.30761e-05
0
-2.91578e-05
-6.02142e-06
-3.21272e-05
-4.03652e-05
-2.10189e-05
0
-3.83321e-05
4.57402e-05
-4.3116e-05
-1.5725e-05
-3.13026e-05
-4.06484e-05
-1.73972e-05
-3.90223e-05
-3.23206e-05
1.52588e-05
-2.23191e-05
4.87078e-05
-4.88758e-06
1.25669e-05
-1.24322e-05
0
-2.74181e-06
0
-3.93391e-06
6.0363e-05
3.05176e-05
-4.76837e-07
-1.89853e-05
-2.672e-06
-2.34308e-05
-1.12222e-05
0
-9.20095e-06
-1.52588e-05
-2.12346e-05
1.17885e-05
-1.3344e-05
1.72003e-05
-2.95053e-05
-2.69118e-05
-2.98597e-05
-2.15136e-05
-1.97029e-05
2.76419e-05
-3.95837e-05
8.57195e-05
-4.04079e-05
-3.97475e-05
-2.91501e-05
1.47993e-05
-1.63458e-05
0
-3.19891e-05
0
-2.29557e-05
3.68235e-05
-5.00679e-06
3.44671e-05
-1.30266e-05
-4.81314e-06
-2.5034e-06
0
-4.29153e-06
1.22647e-05
1.52588e-05
-3.04231e-07
0
-2.26223e-06
-2.82767e-05
-1.16827e-05
-1.92031e-05
-8.86755e-06
0
-2.1888e-05
0
-1.35503e-05
0
-2.94656e-05
0
-3.0732e-05
-2.98726e-05
-2.02208e-05
7.62939e-06
-4.48799e-05
3.95382e-05
-3.97495e-05
-1.98887e-05
-3.19563e-05
0
-1.66211e-05
0
-2.95072e-05
2.49282e-05
-2.31731e-05
4.21946e-05
-5.24521e-06
2.27569e-05
-1.26355e-05
-2.67898e-05
-2.1831e-06
0
-3.93391e-06
4.01873e-05
1.52588e-05
-7.66022e-07
-7.62939e-06
-2.41657e-06
0
-1.0951e-05
0
-8.80347e-06
1.52542e-05
-2.15297e-05
0
-1.36358e-05
0
-3.00364e-05
-1.0105e-05
-2.88469e-05
0
-1.97887e-05
0
-4.54673e-05
2.83187e-05
-3.78949e-05
-6.73297e-06
-3.10872e-05
1.98935e-05
-1.65194e-05
3.45909e-07
-3.09236e-05
0
-2.40277e-05
6.68949e-05
-6.07967e-06
1.52588e-05
-1.28242e-05
-7.23958e-05
-2.02656e-06
-4.45663e-06
-4.29153e-06
3.53179e-05
0
-6.24102e-07
7.62939e-06
-2.44221e-06
-2.03632e-05
-1.08279e-05
7.62939e-06
-8.99097e-06
7.62939e-06
-2.19216e-05
-1.6484e-05
-1.3768e-05
-1.76256e-05
-3.0048e-05
-7.62939e-06
-2.94227e-05
-1.73792e-05
-1.92021e-05
1.0142e-05
-4.47524e-05
1.52588e-05
-3.75165e-05
2.31813e-05
-3.29291e-05
0
-1.66815e-05
1.52588e-05
-3.00245e-05
-1.98401e-05
-2.38872e-05
5.86542e-05
-6.19888e-06
2.74637e-05
-1.13746e-05
-4.30754e-05
-1.78814e-06
1.96659e-05
-4.41074e-06
0
1.52588e-05
-9.53337e-07
0
-2.13945e-06
-2.95201e-05
-1.08256e-05
0
-9.3296e-06
2.95556e-05
-2.15559e-05
-7.62939e-06
-1.39752e-05
-9.76562e-06
-3.05658e-05
-2.98127e-05
-2.90604e-05
-9.44114e-06
-1.93299e-05
0
-4.59378e-05
-1.52588e-05
-3.85909e-05
4.73876e-06
-3.28516e-05
3.43882e-05
-1.68143e-05
-3.15358e-05
-2.70545e-05
0
-2.46603e-05
7.73554e-05
-6.75679e-06
1.6255e-05
-1.09988e-05
-4.1455e-05
-1.78814e-06
1.24797e-05
-4.29153e-06
2.03061e-05
0
-1.95056e-06
-2.03282e-05
-2.14577e-06
-7.62939e-06
-1.03366e-05
0
-1.02862e-05
0
-2.1526e-05
-2.83891e-05
-1.38252e-05
-2.82621e-05
-2.91662e-05
-1.37739e-05
-2.74164e-05
0
-1.94615e-05
0
-4.52325e-05
6.55959e-07
-3.95847e-05
1.84631e-05
-3.32805e-05
-1.72999e-05
-1.62545e-05
0
-2.67818e-05
1.93109e-05
-2.67227e-05
6.22171e-05
-6.59336e-06
1.42403e-05
-1.06279e-05
-9.79021e-06
-1.90735e-06
0
-4.52995e-06
0
1.52588e-05
-1.25689e-06
-1.01293e-05
-1.79245e-06
-1.67763e-05
-1.02967e-05
-1.00604e-05
-1.06698e-05
-7.62939e-06
-2.07945e-05
-2.35238e-05
-1.37187e-05
-7.62939e-06
-3.00463e-05
-1.03001e-05
-2.86702e-05
-1.7249e-05
-1.94562e-05
-6.18441e-06
-4.40015e-05
-5.12604e-06
-3.80409e-05
2.24575e-05
-3.23141e-05
1.52588e-05
-1.69926e-05
3.42624e-06
-2.62293e-05
-1.8757e-05
-2.6462e-05
4.05954e-05
-6.73658e-06
0
-1.00227e-05
-1.22664e-05
-1.90735e-06
1.87202e-05
-4.17233e-06
-1.52588e-05
0
-2.0895e-06
-1.42409e-05
-1.90735e-06
-1.41026e-05
-1.03043e-05
-7.62939e-06
-1.11237e-05
-2.20192e-05
-2.0487e-05
0
-1.38177e-05
-5.45714e-06
-2.89753e-05
-9.03054e-06
-2.78776e-05
0
-1.90368e-05
7.62939e-06
-4.29808e-05
7.86633e-06
-4.12613e-05
1.86796e-05
-3.35149e-05
-2.02211e-05
-1.68764e-05
0
-2.41881e-05
0
-2.65532e-05
3.15248e-05
-6.40924e-06
2.00398e-05
-1.02339e-05
-1.70314e-05
-2.26498e-06
0
-4.17233e-06
-3.61264e-05
0
-1.77016e-06
-7.62939e-06
-1.57383e-06
-2.02277e-05
-1.04119e-05
-1.98793e-05
-1.0005e-05
0
-2.11445e-05
0
-1.3753e-05
0
-2.90386e-05
-7.62939e-06
-2.80424e-05
7.62939e-06
-1.94731e-05
0
-4.26216e-05
4.08682e-05
-4.01484e-05
1.90421e-05
-3.14265e-05
-1.21715e-05
-1.70788e-05
0
-2.31615e-05
-1.84418e-05
-2.80465e-05
1.83932e-05
-6.88415e-06
0
-9.51156e-06
-3.05176e-05
-2.26498e-06
-4.91776e-06
-3.69549e-06
0
1.52588e-05
-2.21594e-06
-2.28882e-05
-1.77696e-06
0
-1.01173e-05
-7.62939e-06
-1.01937e-05
0
-2.13887e-05
-7.62939e-06
-1.39518e-05
0
-2.85097e-05
0
-2.88453e-05
7.62939e-06
-1.95e-05
0
-4.61087e-05
0
-4.10967e-05
1.52588e-05
-3.06461e-05
0
-1.67856e-05
0
-2.15969e-05
1.52588e-05
-2.70301e-05
0
-6.78867e-06
0
-9.02996e-06
0
-2.26498e-06
0
-3.8147e-06
1.52588e-05
1.52588e-05
-1.43051e-06
-2.14577e-06
-7.98702e-06
-1.21593e-05
-1.70469e-05
-1.72853e-05
-2.40803e-05
-2.58684e-05
-2.37226e-05
-3.54052e-05
-3.50475e-05
-2.83718e-05
-2.09808e-05
-2.15769e-05
-2.13385e-05
-8.58307e-06
-7.27177e-06
-2.14577e-06
-3.93391e-06
0
0
0
0
0
0
0
0
0
0
0
0
0
0
0
0
0
0
0
0
0
0
0
0
0
0
0
0
0
0
0
0
0
0
0
0
0
0
0
0
0
0
0
0
0
0
0
0
0
0
0
0
0
0
0
0
0
0
0
0
0
0
0
0
0
0
0
0
0
0
0
0
0
0
0
0
0
0
0
0
0
0
0
0
0
0
0
0
0
0
0
0
0
0
0
0
0
0
0
0
0
0
0
0
0
0
0
0
0
0
0
0
0
0
0
0
0
0
0
0
0
0
0
0
0
0
0
0
0
0
0
0
0
0
0
0
0
0
0
0
0
0
0
0
0
0
0
0
0
0
0
0
0
0
0
0
0
0
0
0
0
0
0
0
0
0
0
0
0
0
0
0
0
0
0
0
0
0
0
0
0
0
0
0
0
0
0
0
0
0
0
0
0
0
0
0
0
0
0
0
0
0
0
0
0
0
0
0
0
0
0
0
0
0
0
0
0
0
0
0
0
0
0
0
0
0
0
0
0
0
0
0
0
0
0
0
0
0
0
0
0
0
0
0
0
0
0
0
0
0
0
0
0
0
0
0
0
0
0
0
0
0
0
0
0
0
0
0
0
0
0
0
0
0
0
0
0
0
0
0
0
0
0
0
0
0
0
0
0
0
0
0
0
0
0
0
0
0
0
0
0
0
0
0
0
0
0
0
0
0
0
0
0
0
0
0
0
0
0
0
0
0
0
0
0
0
0
0
0
0
0
0
0
0
0
0
0
0
0
0
0
0
0
0
0
0
0
0
0
0
0
0
0
0
0
0
0
0
0
0
0
0
0
0
0
0
0
0
0
0
0
0
0
0
0
0
0
0
0
0
0
0
0
0
0
0
0
0
0
0
0
0
0
0
0
0
0
0
0
0
0
0
0
0
0
0
0
0
0
0
0
0
0
0
0
0
0
0
0
0
0
0
0
0
0
0
0
0
0
0
0
0
0
0
0
0
0
0
0
0
0
0
0
0
0
0
0
0
0
0
0
0
0
0
0
0
0
0
0
0
0
0
0
0
0
0
0
0
0
0
0
0
0
0
0
0
0
0
0
0
0
0
0
0
0
0
0
0
0
0
0
0
0
0
0
0
0
0
0
0
0
0
0
0
0
0
0
0
0
0
0
0
0
0
0
0
0
0
0
0
0
0
0
0
0
0
0
0
0
0
0
0
0
0
0
0
0
0
0
0
0
0
0
0
0
0
0
0
0
0
0
0
0
0
0
0
0
0
0
0
0
0
0
0
0
0
0
0
0
0
0
0
0
0
0
0
0
0
0
0
0
0
0
0
0
0
0
0
0
0
0
0
0
0
0
0
0
0
0
0
0
0
0
0
0
0
0
0
0
0
0
0
0
0
0
0
0
0
0
0
0
0
0
0
0
0
0
0
0
0
0
0
0
0
0
0
0
0
0
0
0
0
0
0
0
0
0
0
0
0
0
0
0
0
0
0
0
0
0
0
0
0
0
0
0
0
0
0
0
0
0
0
0
0
0
0
0
0
0
0
0
0
0
0
0
0
0
0
0
0
0
0
0
0
0
0
0
0
0
0
0
0
0
0
0
0
0
0
0
0
0
0
0
0
0
0
0
0
0
0
0
0
0
0
0
0
0
0
0
0
0
0
0
0
0
0
0
0
0
0
0
0
0
0
0
0
0
0
0
0
0
0
0
0
0
0
0
0
0
0
0
0
0
0
0
0
0
0
0
0
0
0
0
0
0
0
0
0
0
0
0
0
0
0
0
0
0
0
0
0
0
0
0
0
0
0
0
0
0
0
0
0
0
0
0
0
0
0
0
0
0
0
0
0
0
0
0
0
0
0
0
0
0
0
0
0
0
0
0
0
0
0
0
0
0
0
0
0
0
0
0
0
0
0
0
0
0
0
0
0
0
0
0
0
0
0
0
0
0
0
0
0
0
0
0
0
0
0
0
0
0
0
0
0
0
0
0
0
0
0
0
0
0
0
0
0
0
0
0
0
0
0
0
0
0
0
0
0
0
0
0
0
0
0
0
0
0
0
0
0
0
0
0
0
0
0
0
0
0
0
0
0
0
0
0
0
0
0
0
0
0
0
0
0
0
0
0
0
0
0
0
0
0
0
0
0
0
0
0
0
0
0
0
0
0
0
0
0
0
0
0
0
0
0
0
0
0
0
0
0
0
0
0
0
0
0
0
0
0
0
0
0
0
0
0
0
0
0
0
0
0
0
0
0
0
0
0
0
0
0
0
0
0
0
0
0
0
0
0
0
0
0
0
0
0
0
0
0
0
0
0
0
0
0
0
0
0
0
0
0
0
0
0
0
0
0
0
0
0
0
0
0
0
0
0
0
0
0
0
0
0
0
0
0
0
0
0
0
0
0
0
0
0
0
0
0
0
0
0
0
0
0
0
0
0
0
0
0
0
0
0
0
0
0
0
0
0
0
0
0
0
0
0
0
0
0
0
0
0
0
0
0
0
0
0
0
0
0
0
0
0
0
0
0
0
0
0
0
0
0
0
0
0
0
0
0
0
0
0
0
0
0
0
0
0
0
0
0
0
0
0
0
0
0
0
0
0
0
0
0
0
0
0
0
0
0
0
0
0
0
0
0
0
0
0
0
0
0
0
0
0
0
0
0
0
0
0
0
0
0
0
0
0
0
0
0
0
0
0
0
0
0
0
0
0
0
0
0
0
0
0
0
0
0
0
0
0
0
0
0
0
0
0
0
0
0
0
0
0
0
0
0
0
0
0
0
0
0
0
0
0
0
0
0
0
0
0
0
0
0
0
0
0
0
0
0
0
0
0
0
0
0
0
0
0
0
0
0
0
0
0
0
0
0
0
0
0
0
0
0
0
0
0
0
0
0
0
0
0
0
0
0
0
0
0
0
0
0
0
0
0
0
0
0
0
0
0
0
0
0
0
0
0
0
0
0
0
0
0
0
0
0
0
0
0
0
0
0
0
0
0
0
0
0
0
0
0
0
0
0
0
0
0
0
0
0
0
0
0
0
0
0
0
0
0
0
0
0
0
0
0
0
0
0
0
0
0
0
0
0
0
0
0
0
0
0
0
0
0
0
0
0
0
0
0
0
0
0
0
0
0
0
0
0
0
0
0
0
0
0
0
0
0
0
0
0
0
0
0
0
0
0
0
0
0
0
0
0
0
0
0
0
0
0
0
0
0
0
0
0
0
0
0
0
0
0
0
0
0
0
0
0
0
0
0
0
0
0
0
0
0
0
0
0
0
0
0
0
0
0
0
0
0
0
0
0
0
0
0
0
0
0
0
0
0
0
0
0
0
0
0
0
0
0
0
0
0
0
0
0
0
0
0
0
0
0
0
0
0
0
0
0
0
0
0
0
0
0
0
0
0
0
0
0
0
0
0
0
0
0
0
0
0
0
0
0
0
0
0
0
0
0
0
0
0
0
0
0
0
0
0
0
0
0
0
0
0
0
0
0
0
0
0
0
0
0
0
0
0
0
0
0
0
0
0
0
0
0
0
0
0
0
0
0
0
0
0
0
0
0
0
0
0
0
0
0
0
0
0
0
0
0
0
0
0
0
0
0
0
0
0
0
0
0
0
0
0
0
0
0
0
0
0
0
0
0
0
0
0
0
0
0
0
0
0
0
0
0
0
0
0
0
0
0
0
0
0
0
0
0
0
0
0
0
0
0
0
0
0
0
0
0
0
0
0
0
0
0
0
0
0
0
0
0
0
0
0
0
0
0
0
0
0
0
0
0
0
0
0
0
0
0
0
0
0
0
0
0
0
0
0
0
0
0
0
0
0
0
0
0
0
0
0
0
0
0
0
0
0
0
0
0
0
0
0
0
0
0
0
0
0
0
0
0
0
0
0
0
0
0
0
0
0
0
0
0
0
0
0
0
0
0
0
0
0
0
0
0
0
0
0
0
0
0
0
0
0
0
0
0
0
0
0
0
0
0
0
0
0
0
0
0
0
0
0
0
0
0
0
0
0
0
0
0
0
0
0
0
0
0
0
0
0
0
0
0
0
0
0
0
0
0
0
0
0
0
0
0
0
0
0
0
0
0
0
0
0
0
0
0
0
0
0
0
0
0
0
0
0
0
0
0
0
0
0
0
0
0
0
0
0
0
0
0
0
0
0
0
0
0
0
0
0
0
0
0
0
0
0
0
0
0
0
0
0
0
0
0
0
0
0
0
0
0
0
0
0
0
0
0
0
0
0
0
0
0
0
0
0
0
0
0
0
0
0
0
0
0
0
0
0
0
0
0
0
0
0
0
0
0
0
0
0
0
0
0
0
0
0
0
0
0
0
0
0
0
0
0
0
0
0
0
0
0
0
0
0
0
0
0
0
0
0
0
0
0
0
0
0
0
0
0
0
0
0
0
0
0
0
0
0
0
0
0
0
0
0
0
0
0
0
0
0
0
0
0
0
0
0
0
0
0
0
0
0
0
0
0
0
0
0
0
0
0
0
0
0
0
0
0
0
0
0
0
0
0
0
0
0
0
0
0
0
0
0
0
0
0
0
0
0
0
0
0
0
0
0
0
0
0
0
0
0
0
0
0
0
0
0
0
0
0
0
0
0
0
0
0
0
0
0
0
0
0
0
0
0
0
0
0
0
0
0
0
0
0
0
0
0
0
0
0
0
0
0
0
0
0
0
0
0
0
0
0
0
0
0
0
0
0
0
0
0
0
0
0
0
0
0
0
0
0
0
0
0
0
0
0
0
0
0
0
0
0
0
0
0
0
0
0
0
0
0
0
0
0
0
0
0
0
0
0
0
0
0
0
0
0
0
0
0
0
0
0
0
0
0
0
0
0
0
0
0
0
0
0
0
0
0
0
0
0
0
0
0
0
0
0
0
0
0
0
0
0
0
0
0
0
0
0
0
0
0
0
0
0
0
0
0
0
0
0
0
0
0
0
0
0
0
0
0
0
0
0
0
0
0
0
0
0
0
0
0
0
0
0
0
0
0
0
0
0
0
0
0
0
0
0
0
0
0
0
0
0
0
0
0
0
0
0
0
0
0
0
0
0
0
0
0
0
0
0
0
0
0
0
0
0
0
0
0
0
0
0
0
0
0
0
0
0
0
0
0
0
0
0
0
0
0
0
0
0
0
0
0
0
0
0
0
0
0
0
0
0
0
0
0
0
0
0
0
0
0
0
0
0
0
0
0
0
0
0
0
0
0
0
0
0
0
0
0
0
0
0
0
0
0
0
0
0
0
0
0
0
0
0
0
0
0
0
0
0
0
0
0
0
0
0
0
0
0
0
0
0
0
0
0
0
0
0
0
0
0
0
0
0
0
0
0
0
0
0
0
0
0
0
0
0
0
0
0
0
0
0
0
0
0
0
0
0
0
0
0
0
0
0
0
0
0
0
0
0
0
0
0
0
0
0
0
0
0
0
0
0
0
0
0
0
0
0
0
0
0
0
0
0
0
0
0
0
0
0
0
0
0
0
0
0
0
0
0
0
0
0
0
0
0
0
0
0
0
0
0
0
0
0
0
0
0
0
0
0
0
0
0
0
0
0
0
0
0
0
0
0
0
0
0
0
0
0
0
0
0
0
0
0
0
0
0
0
0
0
0
0
0
0
0
0
0
0
0
0
0
0
0
0
0
0
0
0
0
0
0
0
0
0
0
0
0
0
0
0
0
0
0
0
0
0
0
0
0
0
0
0
0
0
0
0
0
0
0
0
0
0
0
0
0
0
0
0
0
0
0
0
0
0
0
0
0
0
0
0
0
0
0
0
0
0
0
0
0
0
0
0
0
0
0
0
0
0
0
0
0
0
0
0
0
0
0
0
0
0
0
0
0
0
0
0
0
0
0
0
0
0
0
0
0
0
0
0
0
0
0
0
0
0
0
0
0
0
0
0
0
0
0
0
0
0
0
0
0
0
0
0
0
0
0
0
0
0
0
0
0
0
0
0
0
0
0
0
0
0
0
0
0
0
0
0
0
0
0
0
0
0
0
0
0
0
0
0
0
0
0
0
0
0
0
0
0
0
0
0
0
0
0
0
0
0
0
0
0
0
0
0
0
0
0
0
0
0
0
0
0
0
0
0
0
0
0
0
0
0
0
0
0
0
0
0
0
0
0
0
0
0
0
0
0
0
0
0
0
0
0
0
0
0
0
0
0
0
0
0
0
0
0
0
0
0
0
0
0
0
0
0
0
0
0
0
0
0
0
0
0
0
0
0
0
0
0
0
0
0
0
0
0
0
0
0
0
0
0
0
0
0
0
0
0
0
0
0
0
0
0
0
0
0
0
0
0
0
0
0
0
0
0
0
0
0
0
0
0
0
0
0
0
0
0
0
0
0
0
0
0
0
0
0
0
0
0
0
0
0
0
0
0
0
0
0
0
0
0
0
0
0
0
0
0
0
0
0
0
0
0
0
0
0
0
0
0
0
0
0
0
0
0
0
0
0
0
0
0
0
0
0
0
0
0
0
0
0
0
0
0
0
0
0
0
0
0
0
0
0
0
0
0
0
0
0
0
0
0
0
0
0
0
0
0
0
0
0
0
0
0
0
0
0
0
0
0
0
0
0
0
0
0
0
0
0
0
0
0
0
0
0
0
0
0
0
0
0
0
0
0
0
0
0
0
0
0
0
0
0
0
0
0
0
0
0
0
0
0
0
0
0
0
0
0
0
0
0
0
0
0
0
0
0
0
0
0
0
0
0
0
0
0
0
0
0
0
0
0
0
0
0
0
0
0
0
0
0
0
0
0
0
0
0
0
0
0
0
0
0
0
0
0
0
0
0
0
0
0
0
0
0
0
0
0
0
0
0
0
0
0
0
0
0
0
0
0
0
0
0
0
0
0
0
0
0
0
0
0
0
0
0
0
0
0
0
0
0
0
0
0
0
0
0
0
0
0
0
0
0
0
0
0
0
0
0
0
0
0
0
0
0
0
0
0
0
0
0
0
0
0
0
0
0
0
0
0
0
0
0
0
0
0
0
0
0
0
0
0
0
0
0
0
0
0
0
0
0
0
0
0
0
0
0
0
0
0
0
0
0
0
0
0
0
0
0
0
0
0
0
0
0
0
0
0
0
0
0
0
0
0
0
0
0
0
0
0
0
0
0
0
0
0
0
0
0
0
0
0
0
0
0
0
0
0
0
0
0
0
0
0
0
0
0
0
0
0
0
0
0
0
0
0
0
0
0
0
0
0
0
0
0
0
0
0
0
0
0
0
0
0
0
0
0
0
0
0
0
0
0
0
0
0
0
0
0
0
0
0
0
0
0
0
0
0
0
0
0
0
0
0
0
0
0
0
0
0
0
0
0
0
0
0
0
0
0
0
0
0
0
0
0
0
0
0
0
0
0
0
0
0
0
0
0
0
0
0
0
0
0
0
0
0
0
0
0
0
0
0
0
0
0
0
0
0
0
0
0
0
0
0
0
0
0
0
0
0
0
0
0
0
0
0
0
0
0
0
0
0
0
0
0
0
0
0
0
0
0
0
0
0
0
0
0
0
0
0
0
0
0
0
0
0
0
0
0
0
0
0
0
0
0
0
0
0
0
0
0
0
0
0
0
0
0
0
0
0
0
0
0
0
0
0
0
0
0
0
0
0
0
0
0
0
0
0
0
0
0
0
0
0
0
0
0
0
0
0
0
0
0
0
0
0
0
0
0
0
0
0
0
0
0
0
0
0
0
0
0
0
0
0
0
0
0
0
0
0
0
0
0
0
0
0
0
0
0
0
0
0
0
0
0
0
0
0
0
0
0
0
0
0
0
0
0
0
0
0
0
0
0
0
0
0
0
0
0
0
0
0
0
0
0
0
0
0
0
0
0
0
0
0
0
0
0
0
0
0
0
0
0
0
0
0
0
0
0
0
0
0
0
0
0
0
0
0
0
0
0
0
0
0
0
0
0
0
0
0
0
0
0
0
0
0
0
0
0
0
0
0
0
0
0
0
0
0
0
0
0
0
0
0
0
0
0
0
0
0
0
0
0
0
0
0
0
0
0
0
0
0
0
0
0
0
0
0
0
0
0
0
0
0
0
0
0
0
0
0
0
0
0
0
0
0
0
0
0
0
0
0
0
0
0
0
0
0
0
0
0
0
0
0
0
0
0
0
0
0
0
0
0
0
0
0
0
0
0
0
0
0
0
0
0
0
0
0
0
0
0
0
0
0
0
0
0
0
0
0
0
0
0
0
0
0
0
0
0
0
0
0
0
0
0
0
0
0
0
0
0
0
0
0
0
0
0
0
0
0
0
0
0
0
0
0
0
0
0
0
0
0
0
0
0
0
0
0
0
0
0
0
0
0
0
0
0
0
0
0
0
0
0
0
0
0
0
0
0
0
0
0
0
0
0
0
0
0
0
0
0
0
0
0
0
0
0
0
0
0
0
0
0
0
0
0
0
0
0
0
0
0
0
0
0
0
0
0
0
0
0
0
0
0
0
0
0
0
0
0
0
0
0
0
0
0
0
0
0
0
0
0
0
0
0
0
0
0
0
0
0
0
0
0
0
0
0
0
0
0
0
0
0
0
0
0
0
0
0
0
0
0
0
0
0
0
0
0
0
0
0
)
;

boundaryField
{
    inlet
    {
        type            calculated;
        value           nonuniform List<scalar> 
20
(
-7.42428e-06
-7.42428e-06
-7.42428e-06
-7.42428e-06
-7.42428e-06
-7.42428e-06
-7.42428e-06
-7.42428e-06
-7.42428e-06
-7.42428e-06
-7.42428e-06
-7.42428e-06
-7.42428e-06
-7.42428e-06
-7.42428e-06
-7.42428e-06
-7.42428e-06
-7.42428e-06
-7.42428e-06
-7.42428e-06
)
;
    }
    outlet
    {
        type            calculated;
        value           uniform 0;
    }
    frontAndBack
    {
        type            empty;
    }
    topAndBottom
    {
        type            calculated;
        value           uniform 0;
    }
    defaultFaces
    {
        type            empty;
    }
}


// ************************************************************************* //
