/*--------------------------------*- C++ -*----------------------------------*\
  =========                 |
  \\      /  F ield         | OpenFOAM: The Open Source CFD Toolbox
   \\    /   O peration     | Website:  https://openfoam.org
    \\  /    A nd           | Version:  11
     \\/     M anipulation  |
\*---------------------------------------------------------------------------*/
FoamFile
{
    format      ascii;
    class       surfaceScalarField;
    location    "16";
    object      phi;
}
// * * * * * * * * * * * * * * * * * * * * * * * * * * * * * * * * * * * * * //

dimensions      [0 3 -1 0 0 0 0];

internalField   nonuniform List<scalar> 
5320
(
0
0
0
0
0
0
0
0
0
0
0
0
0
0
0
0
0
0
0
0
0
0
0
0
0
0
0
0
0
0
0
0
0
0
0
0
0
0
0
0
0
0
0
0
0
0
0
0
0
0
0
0
0
0
0
0
0
0
0
0
0
0
0
0
0
0
0
0
0
0
0
0
0
0
0
0
0
0
0
0
0
0
0
0
0
0
0
0
0
0
0
0
0
0
0
0
0
0
0
0
0
0
0
0
0
0
0
0
0
0
0
0
0
0
0
0
0
0
0
0
0
0
0
0
0
0
0
0
0
0
0
0
0
0
0
0
0
0
0
0
0
0
0
0
0
0
0
0
0
0
0
0
0
0
0
0
0
0
0
0
0
0
0
0
0
0
0
0
0
0
0
0
0
0
0
0
0
0
0
0
0
0
0
0
0
0
0
0
0
0
0
0
0
0
0
0
0
0
0
0
0
0
0
0
0
0
0
0
0
0
0
0
0
0
0
0
0
0
0
0
0
0
0
0
0
0
0
0
0
0
0
0
0
0
0
0
0
0
0
0
0
0
0
0
0
0
0
0
0
0
0
0
0
0
0
0
0
0
0
0
0
0
0
0
0
0
0
0
0
0
0
0
0
0
0
0
0
0
0
0
0
0
0
0
0
0
0
0
0
0
0
0
0
0
0
0
0
0
0
0
0
0
0
0
0
0
0
0
0
0
0
0
0
0
0
0
0
0
0
0
0
0
0
0
0
0
0
0
0
0
0
0
0
0
0
0
0
0
0
0
0
0
0
0
0
0
0
0
0
0
0
0
0
0
0
0
0
0
0
0
0
0
0
0
0
0
0
0
0
0
0
0
0
0
0
0
0
0
0
0
0
0
0
0
0
0
0
0
0
0
0
0
0
0
0
0
0
0
0
0
0
0
0
0
0
0
0
0
0
0
0
0
0
0
0
0
0
0
0
0
0
0
0
0
0
0
0
0
0
0
0
0
0
0
0
0
0
0
0
0
0
0
0
0
0
0
0
0
0
0
0
0
0
0
0
0
0
0
0
0
0
0
0
0
0
0
0
0
0
0
0
0
0
0
0
0
0
0
0
0
0
0
0
0
0
0
0
0
0
0
0
0
0
0
0
0
0
0
0
0
0
0
0
0
0
0
0
0
0
0
0
0
0
0
0
0
0
0
0
0
0
0
0
0
0
0
0
0
0
0
0
0
0
0
0
0
0
0
0
0
0
0
0
0
0
0
0
0
0
0
0
0
0
0
0
0
0
0
0
0
0
0
0
0
0
0
0
0
0
0
0
0
0
0
0
0
0
0
0
0
0
0
0
0
0
0
0
0
0
0
0
0
0
0
0
0
0
0
0
0
0
0
0
0
0
0
0
0
0
0
0
0
0
0
0
0
0
0
0
0
0
0
0
0
0
0
0
0
0
0
0
0
0
0
0
0
0
0
0
0
0
0
0
0
0
0
0
0
0
0
0
0
0
0
0
0
0
0
0
0
0
0
0
0
0
0
0
0
0
0
0
0
0
0
0
0
0
0
0
0
0
0
0
0
0
0
0
0
0
0
0
0
0
0
0
0
0
0
0
0
0
0
0
0
0
0
0
0
0
0
0
0
0
0
0
0
0
0
0
0
0
0
0
0
0
0
0
0
0
0
0
0
0
0
0
0
0
0
0
0
0
0
0
0
0
0
0
0
0
0
0
0
0
0
0
0
0
0
0
0
3.09944e-06
7.62939e-06
-6.67572e-06
7.62939e-06
-7.15256e-06
7.62939e-06
-8.9407e-06
1.52588e-05
-1.84774e-05
0
-1.7643e-05
-1.52588e-05
-2.43187e-05
0
-2.74181e-05
7.62939e-06
-2.69413e-05
7.62939e-06
-2.95639e-05
7.62939e-06
-3.52859e-05
1.52588e-05
-2.87294e-05
0
-2.32458e-05
0
-2.6226e-05
0
-1.62125e-05
0
-4.64916e-06
-1.52588e-05
-1.16825e-05
0
-4.05312e-06
0
-2.26498e-06
1.52588e-05
0
3.09944e-06
0
-8.91312e-06
-1.7887e-05
-6.06474e-06
0
-7.28664e-06
0
-2.39699e-05
-1.52588e-05
-1.40076e-05
-1.63226e-05
-2.75727e-05
0
-3.21373e-05
2.84733e-05
-2.39015e-05
-7.62939e-06
-2.59676e-05
1.59725e-05
-4.35611e-05
0
-2.63916e-05
-3.35721e-05
-1.92063e-05
-1.52588e-05
-3.25722e-05
1.47002e-05
-1.83959e-05
0
-4.52995e-06
-1.90434e-05
-1.53374e-05
0
-3.23593e-06
0
-2.26498e-06
7.63478e-05
0
3.09944e-06
6.19086e-06
-8.53273e-06
-3.82439e-05
-6.21917e-06
1.64978e-05
-7.554e-06
-1.82026e-05
-2.43548e-05
-3.32741e-05
-1.39136e-05
-8.98815e-06
-2.6788e-05
0
-3.36398e-05
0
-2.34001e-05
-1.52588e-05
-2.70463e-05
-2.04518e-05
-4.32166e-05
0
-2.59336e-05
-1.44266e-05
-1.92336e-05
0
-3.2802e-05
3.64278e-05
-1.84394e-05
1.52588e-05
-4.29153e-06
-1.84267e-05
-1.4755e-05
0
-2.7401e-06
3.71639e-05
-2.74181e-06
6.48441e-05
1.52588e-05
2.38419e-06
1.30428e-05
-7.55952e-06
-1.8282e-05
-8.48699e-06
5.83512e-06
-7.49409e-06
0
-2.26681e-05
-2.23288e-05
-1.37065e-05
0
-2.67847e-05
0
-3.30391e-05
5.83341e-06
-2.32497e-05
0
-2.61965e-05
-7.71122e-06
-4.6024e-05
-2.38185e-05
-2.81977e-05
-2.08874e-05
-1.97902e-05
-3.75439e-05
-3.45406e-05
-1.52588e-05
-1.95981e-05
1.27803e-05
-4.29153e-06
-3.90079e-05
-1.48262e-05
0
-2.60286e-06
5.97207e-05
-3.09944e-06
3.69884e-05
3.05176e-05
1.43051e-06
1.37479e-05
-6.79989e-06
-3.98009e-05
-8.17259e-06
2.22161e-05
-7.98301e-06
-6.1982e-06
-2.39365e-05
-5.09208e-05
-1.39117e-05
-3.84818e-05
-2.59607e-05
-1.52588e-05
-3.38286e-05
0
-2.31536e-05
0
-2.51927e-05
1.30448e-05
-4.32889e-05
-3.52544e-05
-2.62683e-05
-1.89052e-05
-1.79284e-05
-1.31471e-06
-3.15667e-05
1.92777e-05
-1.91365e-05
3.44315e-05
-4.05312e-06
-1.8748e-05
-1.55622e-05
-1.9682e-05
-2.55393e-06
1.52588e-05
-3.09944e-06
7.88728e-05
3.05176e-05
9.53674e-07
1.9075e-05
-5.07557e-06
0
-1.03941e-05
1.34228e-05
-8.18478e-06
-2.06015e-05
-2.18627e-05
-1.36166e-05
-1.33418e-05
-2.73066e-05
-2.5943e-05
0
-3.43299e-05
-2.79332e-05
-2.29567e-05
7.62939e-06
-2.74186e-05
2.41007e-05
-4.37554e-05
-1.52588e-05
-2.79063e-05
-3.6374e-05
-1.85907e-05
2.82883e-06
-3.36555e-05
1.52588e-05
-2.0701e-05
3.05176e-05
-4.17233e-06
0
-1.39627e-05
-5.51176e-05
-2.41851e-06
4.11388e-05
-3.57628e-06
3.99309e-05
1.52588e-05
4.76837e-07
7.62939e-06
-4.74986e-06
-2.0315e-05
-1.0697e-05
2.24814e-05
-8.32449e-06
-1.00368e-05
-2.28752e-05
-4.07148e-05
-1.3157e-05
-2.62744e-05
-2.75071e-05
0
-3.22403e-05
-1.52588e-05
-2.21062e-05
1.27662e-05
-2.91809e-05
4.43298e-05
-4.33364e-05
-3.63418e-05
-2.68966e-05
0
-1.78968e-05
-3.51543e-05
-3.11647e-05
3.09533e-05
-2.06894e-05
3.82896e-05
-4.41074e-06
0
-1.36552e-05
-2.96561e-05
-2.4601e-06
1.24236e-05
-3.8147e-06
1.52588e-05
0
0
6.72202e-06
-2.85407e-06
0
-1.19013e-05
9.97227e-06
-8.39003e-06
8.54514e-06
-2.17056e-05
-2.46565e-05
-1.29249e-05
0
-2.88624e-05
-1.07826e-05
-3.3153e-05
-2.29691e-05
-2.18425e-05
7.62939e-06
-3.30492e-05
5.40359e-05
-4.34832e-05
-4.03374e-05
-2.87191e-05
0
-1.77263e-05
-3.66123e-05
-3.18608e-05
2.35941e-05
-2.17402e-05
3.89895e-05
-4.5941e-06
1.52588e-05
-1.27587e-05
-1.53206e-05
-2.35557e-06
0
-3.57628e-06
5.91653e-05
1.52588e-05
-2.38419e-07
0
-2.69496e-06
-6.02983e-06
-1.18374e-05
-7.62939e-06
-8.94532e-06
9.90136e-06
-2.14937e-05
0
-1.29566e-05
0
-2.88924e-05
-6.72237e-06
-3.18347e-05
-4.03247e-05
-2.09561e-05
0
-3.85539e-05
5.33541e-05
-4.35111e-05
-2.44559e-05
-3.14331e-05
-4.23504e-05
-1.74963e-05
-3.94503e-05
-3.21329e-05
-3.14015e-06
-2.20527e-05
5.15916e-05
-4.51638e-06
1.25758e-05
-1.24403e-05
0
-2.28495e-06
0
-3.93391e-06
6.0289e-05
3.05176e-05
-2.38419e-07
-1.77766e-05
-2.67254e-06
-1.70144e-05
-1.13176e-05
0
-9.28446e-06
-7.62939e-06
-2.12629e-05
1.73996e-05
-1.32262e-05
9.69163e-06
-2.94839e-05
-2.26735e-05
-2.97867e-05
-1.23755e-05
-1.9828e-05
2.01423e-05
-3.93534e-05
9.86686e-05
-3.9461e-05
-3.98105e-05
-2.84918e-05
2.32182e-06
-1.65507e-05
0
-3.23095e-05
0
-2.32082e-05
3.6605e-05
-4.35812e-06
2.90768e-05
-1.30255e-05
-2.0055e-05
-2.08956e-06
0
-4.29153e-06
1.22648e-05
1.52588e-05
-7.15256e-07
0
-2.49051e-06
-2.18049e-05
-1.17031e-05
-1.92027e-05
-8.86732e-06
0
-2.17367e-05
0
-1.35606e-05
0
-2.92973e-05
0
-3.04445e-05
-2.98516e-05
-2.02015e-05
6.54626e-06
-4.47316e-05
4.81929e-05
-3.98878e-05
-1.99773e-05
-3.18401e-05
0
-1.64647e-05
-1.52588e-05
-2.98487e-05
3.94745e-05
-2.33944e-05
4.24341e-05
-4.42719e-06
3.50396e-05
-1.25048e-05
-3.05176e-05
-2.26498e-06
0
-3.93391e-06
4.00317e-05
1.52588e-05
-7.65338e-07
-7.62939e-06
-2.4177e-06
0
-1.09353e-05
0
-8.80349e-06
5.76198e-06
-2.14909e-05
0
-1.36417e-05
0
-2.9832e-05
-1.01119e-05
-2.87639e-05
0
-1.97397e-05
0
-4.53869e-05
1.20965e-05
-3.79968e-05
-3.9244e-06
-3.12125e-05
1.98943e-05
-1.66536e-05
1.56047e-05
-3.01678e-05
0
-2.32448e-05
6.07541e-05
-4.82598e-06
-1.75543e-06
-1.29801e-05
-5.81929e-05
-2.14577e-06
-1.8698e-05
-4.29153e-06
3.3099e-05
0
-5.6635e-07
7.62939e-06
-2.66219e-06
-2.03754e-05
-1.07875e-05
7.62939e-06
-8.99901e-06
7.62939e-06
-2.18103e-05
-1.33915e-05
-1.38615e-05
-1.00325e-05
-3.01555e-05
-6.05317e-06
-2.92944e-05
-9.77595e-06
-1.92868e-05
1.046e-05
-4.44576e-05
-1.12851e-06
-3.74167e-05
3.48237e-05
-3.27561e-05
0
-1.67553e-05
1.52588e-05
-3.00919e-05
-1.87617e-05
-2.4308e-05
5.89205e-05
-4.74911e-06
1.92126e-05
-1.12995e-05
-5.40374e-05
-1.78814e-06
1.86904e-05
-4.41074e-06
0
1.52588e-05
-9.53991e-07
0
-2.24092e-06
-2.82913e-05
-1.09093e-05
0
-9.299e-06
2.79069e-05
-2.15429e-05
-5.48221e-06
-1.37875e-05
-1.52588e-05
-3.01881e-05
-2.74164e-05
-2.88406e-05
-1.56543e-05
-1.94917e-05
0
-4.60358e-05
-3.47385e-06
-3.79844e-05
1.99536e-05
-3.3005e-05
1.9128e-05
-1.70239e-05
-1.63142e-05
-2.69691e-05
0
-2.48129e-05
7.72779e-05
-5.25936e-06
1.62635e-05
-1.11402e-05
-2.36898e-05
-1.90735e-06
1.25156e-05
-4.29153e-06
2.03066e-05
0
-2.15597e-06
-2.03274e-05
-1.68176e-06
-7.62939e-06
-1.0256e-05
0
-1.02286e-05
0
-2.16686e-05
-2.22119e-05
-1.40341e-05
-2.24872e-05
-2.93056e-05
-7.9116e-06
-2.73002e-05
0
-1.92205e-05
0
-4.45291e-05
-1.52588e-05
-3.94765e-05
1.84579e-05
-3.29008e-05
-1.72983e-05
-1.61156e-05
1.52588e-05
-2.66185e-05
1.92362e-05
-2.6435e-05
4.71484e-05
-5.74807e-06
4.30391e-06
-1.06057e-05
-2.54191e-05
-1.90735e-06
0
-4.41074e-06
-1.52588e-05
1.52588e-05
-1.35924e-06
-1.01311e-05
-2.04281e-06
-1.8246e-05
-1.03766e-05
-1.0077e-05
-1.0761e-05
-5.85588e-06
-2.08489e-05
-1.94823e-05
-1.37221e-05
-4.75784e-06
-2.98878e-05
-1.20935e-05
-2.85603e-05
-1.72488e-05
-1.98187e-05
-6.19013e-06
-4.45481e-05
-2.0405e-05
-3.82175e-05
3.55539e-05
-3.2228e-05
0
-1.66973e-05
1.86867e-05
-2.59316e-05
-1.52588e-05
-2.6883e-05
5.06545e-05
-6.04522e-06
0
-1.00084e-05
-1.22583e-05
-1.89588e-06
1.43397e-05
-4.17233e-06
-1.29946e-05
0
-1.87307e-06
-6.07383e-06
-1.44394e-06
-6.31018e-06
-1.03289e-05
-5.73188e-06
-1.11654e-05
-2.91693e-05
-2.04243e-05
0
-1.3796e-05
-8.91611e-06
-2.89078e-05
-1.03759e-05
-2.7772e-05
0
-1.91775e-05
1.52588e-05
-4.2685e-05
9.75292e-06
-4.08889e-05
1.46849e-05
-3.32733e-05
-2.02308e-05
-1.69783e-05
0
-2.41722e-05
0
-2.6415e-05
2.9425e-05
-6.23638e-06
3.51816e-05
-1.01179e-05
-2.8193e-05
-1.79162e-06
0
-4.17233e-06
-3.44865e-05
0
-1.86426e-06
-6.71454e-06
-1.90735e-06
-2.02253e-05
-1.0503e-05
-1.22509e-05
-1.00273e-05
0
-2.10597e-05
0
-1.37653e-05
0
-2.89655e-05
-7.60024e-06
-2.78601e-05
7.62939e-06
-1.92115e-05
0
-4.27136e-05
4.08788e-05
-4.0142e-05
1.52588e-05
-3.13127e-05
-1.26399e-05
-1.7098e-05
0
-2.29582e-05
-1.83966e-05
-2.78338e-05
1.83453e-05
-6.76356e-06
0
-9.70344e-06
-1.29718e-05
-1.86344e-06
-2.01661e-05
-3.8147e-06
0
1.52588e-05
-2.26377e-06
-1.52588e-05
-1.67487e-06
0
-1.00908e-05
-7.62939e-06
-1.02248e-05
0
-2.13303e-05
-7.62939e-06
-1.39424e-05
0
-2.84672e-05
0
-2.88235e-05
1.52588e-05
-1.94992e-05
0
-4.53349e-05
0
-3.99636e-05
0
-3.01778e-05
-1.52588e-05
-1.67662e-05
0
-2.16408e-05
1.52588e-05
-2.71464e-05
0
-6.58514e-06
1.52588e-05
-8.91015e-06
0
-1.76736e-06
0
-3.8147e-06
1.52588e-05
1.52588e-05
-1.43051e-06
-2.14577e-06
-7.98702e-06
-1.21593e-05
-1.70469e-05
-1.71661e-05
-2.39611e-05
-2.57492e-05
-2.37226e-05
-3.57628e-05
-3.56436e-05
-2.86102e-05
-2.09808e-05
-2.15769e-05
-2.13385e-05
-8.70228e-06
-7.27177e-06
-2.14577e-06
-3.8147e-06
0
0
0
0
0
0
0
0
0
0
0
0
0
0
0
0
0
0
0
0
0
0
0
0
0
0
0
0
0
0
0
0
0
0
0
0
0
0
0
0
0
0
0
0
0
0
0
0
0
0
0
0
0
0
0
0
0
0
0
0
0
0
0
0
0
0
0
0
0
0
0
0
0
0
0
0
0
0
0
0
0
0
0
0
0
0
0
0
0
0
0
0
0
0
0
0
0
0
0
0
0
0
0
0
0
0
0
0
0
0
0
0
0
0
0
0
0
0
0
0
0
0
0
0
0
0
0
0
0
0
0
0
0
0
0
0
0
0
0
0
0
0
0
0
0
0
0
0
0
0
0
0
0
0
0
0
0
0
0
0
0
0
0
0
0
0
0
0
0
0
0
0
0
0
0
0
0
0
0
0
0
0
0
0
0
0
0
0
0
0
0
0
0
0
0
0
0
0
0
0
0
0
0
0
0
0
0
0
0
0
0
0
0
0
0
0
0
0
0
0
0
0
0
0
0
0
0
0
0
0
0
0
0
0
0
0
0
0
0
0
0
0
0
0
0
0
0
0
0
0
0
0
0
0
0
0
0
0
0
0
0
0
0
0
0
0
0
0
0
0
0
0
0
0
0
0
0
0
0
0
0
0
0
0
0
0
0
0
0
0
0
0
0
0
0
0
0
0
0
0
0
0
0
0
0
0
0
0
0
0
0
0
0
0
0
0
0
0
0
0
0
0
0
0
0
0
0
0
0
0
0
0
0
0
0
0
0
0
0
0
0
0
0
0
0
0
0
0
0
0
0
0
0
0
0
0
0
0
0
0
0
0
0
0
0
0
0
0
0
0
0
0
0
0
0
0
0
0
0
0
0
0
0
0
0
0
0
0
0
0
0
0
0
0
0
0
0
0
0
0
0
0
0
0
0
0
0
0
0
0
0
0
0
0
0
0
0
0
0
0
0
0
0
0
0
0
0
0
0
0
0
0
0
0
0
0
0
0
0
0
0
0
0
0
0
0
0
0
0
0
0
0
0
0
0
0
0
0
0
0
0
0
0
0
0
0
0
0
0
0
0
0
0
0
0
0
0
0
0
0
0
0
0
0
0
0
0
0
0
0
0
0
0
0
0
0
0
0
0
0
0
0
0
0
0
0
0
0
0
0
0
0
0
0
0
0
0
0
0
0
0
0
0
0
0
0
0
0
0
0
0
0
0
0
0
0
0
0
0
0
0
0
0
0
0
0
0
0
0
0
0
0
0
0
0
0
0
0
0
0
0
0
0
0
0
0
0
0
0
0
0
0
0
0
0
0
0
0
0
0
0
0
0
0
0
0
0
0
0
0
0
0
0
0
0
0
0
0
0
0
0
0
0
0
0
0
0
0
0
0
0
0
0
0
0
0
0
0
0
0
0
0
0
0
0
0
0
0
0
0
0
0
0
0
0
0
0
0
0
0
0
0
0
0
0
0
0
0
0
0
0
0
0
0
0
0
0
0
0
0
0
0
0
0
0
0
0
0
0
0
0
0
0
0
0
0
0
0
0
0
0
0
0
0
0
0
0
0
0
0
0
0
0
0
0
0
0
0
0
0
0
0
0
0
0
0
0
0
0
0
0
0
0
0
0
0
0
0
0
0
0
0
0
0
0
0
0
0
0
0
0
0
0
0
0
0
0
0
0
0
0
0
0
0
0
0
0
0
0
0
0
0
0
0
0
0
0
0
0
0
0
0
0
0
0
0
0
0
0
0
0
0
0
0
0
0
0
0
0
0
0
0
0
0
0
0
0
0
0
0
0
0
0
0
0
0
0
0
0
0
0
0
0
0
0
0
0
0
0
0
0
0
0
0
0
0
0
0
0
0
0
0
0
0
0
0
0
0
0
0
0
0
0
0
0
0
0
0
0
0
0
0
0
0
0
0
0
0
0
0
0
0
0
0
0
0
0
0
0
0
0
0
0
0
0
0
0
0
0
0
0
0
0
0
0
0
0
0
0
0
0
0
0
0
0
0
0
0
0
0
0
0
0
0
0
0
0
0
0
0
0
0
0
0
0
0
0
0
0
0
0
0
0
0
0
0
0
0
0
0
0
0
0
0
0
0
0
0
0
0
0
0
0
0
0
0
0
0
0
0
0
0
0
0
0
0
0
0
0
0
0
0
0
0
0
0
0
0
0
0
0
0
0
0
0
0
0
0
0
0
0
0
0
0
0
0
0
0
0
0
0
0
0
0
0
0
0
0
0
0
0
0
0
0
0
0
0
0
0
0
0
0
0
0
0
0
0
0
0
0
0
0
0
0
0
0
0
0
0
0
0
0
0
0
0
0
0
0
0
0
0
0
0
0
0
0
0
0
0
0
0
0
0
0
0
0
0
0
0
0
0
0
0
0
0
0
0
0
0
0
0
0
0
0
0
0
0
0
0
0
0
0
0
0
0
0
0
0
0
0
0
0
0
0
0
0
0
0
0
0
0
0
0
0
0
0
0
0
0
0
0
0
0
0
0
0
0
0
0
0
0
0
0
0
0
0
0
0
0
0
0
0
0
0
0
0
0
0
0
0
0
0
0
0
0
0
0
0
0
0
0
0
0
0
0
0
0
0
0
0
0
0
0
0
0
0
0
0
0
0
0
0
0
0
0
0
0
0
0
0
0
0
0
0
0
0
0
0
0
0
0
0
0
0
0
0
0
0
0
0
0
0
0
0
0
0
0
0
0
0
0
0
0
0
0
0
0
0
0
0
0
0
0
0
0
0
0
0
0
0
0
0
0
0
0
0
0
0
0
0
0
0
0
0
0
0
0
0
0
0
0
0
0
0
0
0
0
0
0
0
0
0
0
0
0
0
0
0
0
0
0
0
0
0
0
0
0
0
0
0
0
0
0
0
0
0
0
0
0
0
0
0
0
0
0
0
0
0
0
0
0
0
0
0
0
0
0
0
0
0
0
0
0
0
0
0
0
0
0
0
0
0
0
0
0
0
0
0
0
0
0
0
0
0
0
0
0
0
0
0
0
0
0
0
0
0
0
0
0
0
0
0
0
0
0
0
0
0
0
0
0
0
0
0
0
0
0
0
0
0
0
0
0
0
0
0
0
0
0
0
0
0
0
0
0
0
0
0
0
0
0
0
0
0
0
0
0
0
0
0
0
0
0
0
0
0
0
0
0
0
0
0
0
0
0
0
0
0
0
0
0
0
0
0
0
0
0
0
0
0
0
0
0
0
0
0
0
0
0
0
0
0
0
0
0
0
0
0
0
0
0
0
0
0
0
0
0
0
0
0
0
0
0
0
0
0
0
0
0
0
0
0
0
0
0
0
0
0
0
0
0
0
0
0
0
0
0
0
0
0
0
0
0
0
0
0
0
0
0
0
0
0
0
0
0
0
0
0
0
0
0
0
0
0
0
0
0
0
0
0
0
0
0
0
0
0
0
0
0
0
0
0
0
0
0
0
0
0
0
0
0
0
0
0
0
0
0
0
0
0
0
0
0
0
0
0
0
0
0
0
0
0
0
0
0
0
0
0
0
0
0
0
0
0
0
0
0
0
0
0
0
0
0
0
0
0
0
0
0
0
0
0
0
0
0
0
0
0
0
0
0
0
0
0
0
0
0
0
0
0
0
0
0
0
0
0
0
0
0
0
0
0
0
0
0
0
0
0
0
0
0
0
0
0
0
0
0
0
0
0
0
0
0
0
0
0
0
0
0
0
0
0
0
0
0
0
0
0
0
0
0
0
0
0
0
0
0
0
0
0
0
0
0
0
0
0
0
0
0
0
0
0
0
0
0
0
0
0
0
0
0
0
0
0
0
0
0
0
0
0
0
0
0
0
0
0
0
0
0
0
0
0
0
0
0
0
0
0
0
0
0
0
0
0
0
0
0
0
0
0
0
0
0
0
0
0
0
0
0
0
0
0
0
0
0
0
0
0
0
0
0
0
0
0
0
0
0
0
0
0
0
0
0
0
0
0
0
0
0
0
0
0
0
0
0
0
0
0
0
0
0
0
0
0
0
0
0
0
0
0
0
0
0
0
0
0
0
0
0
0
0
0
0
0
0
0
0
0
0
0
0
0
0
0
0
0
0
0
0
0
0
0
0
0
0
0
0
0
0
0
0
0
0
0
0
0
0
0
0
0
0
0
0
0
0
0
0
0
0
0
0
0
0
0
0
0
0
0
0
0
0
0
0
0
0
0
0
0
0
0
0
0
0
0
0
0
0
0
0
0
0
0
0
0
0
0
0
0
0
0
0
0
0
0
0
0
0
0
0
0
0
0
0
0
0
0
0
0
0
0
0
0
0
0
0
0
0
0
0
0
0
0
0
0
0
0
0
0
0
0
0
0
0
0
0
0
0
0
0
0
0
0
0
0
0
0
0
0
0
0
0
0
0
0
0
0
0
0
0
0
0
0
0
0
0
0
0
0
0
0
0
0
0
0
0
0
0
0
0
0
0
0
0
0
0
0
0
0
0
0
0
0
0
0
0
0
0
0
0
0
0
0
0
0
0
0
0
0
0
0
0
0
0
0
0
0
0
0
0
0
0
0
0
0
0
0
0
0
0
0
0
0
0
0
0
0
0
0
0
0
0
0
0
0
0
0
0
0
0
0
0
0
0
0
0
0
0
0
0
0
0
0
0
0
0
0
0
0
0
0
0
0
0
0
0
0
0
0
0
0
0
0
0
0
0
0
0
0
0
0
0
0
0
0
0
0
0
0
0
0
0
0
0
0
0
0
0
0
0
0
0
0
0
0
0
0
0
0
0
0
0
0
0
0
0
0
0
0
0
0
0
0
0
0
0
0
0
0
0
0
0
0
0
0
0
0
0
0
0
0
0
0
0
0
0
0
0
0
0
0
0
0
0
0
0
0
0
0
0
0
0
0
0
0
0
0
0
0
0
0
0
0
0
0
0
0
0
0
0
0
0
0
0
0
0
0
0
0
0
0
0
0
0
0
0
0
0
0
0
0
0
0
0
0
0
0
0
0
0
0
0
0
0
0
0
0
0
0
0
0
0
0
0
0
0
0
0
0
0
0
0
0
0
0
0
0
0
0
0
0
0
0
0
0
0
0
0
0
0
0
0
0
0
0
0
0
0
0
0
0
0
0
0
0
0
0
0
0
0
0
0
0
0
0
0
0
0
0
0
0
0
0
0
0
0
0
0
0
0
0
0
0
0
0
0
0
0
0
0
0
0
0
0
0
0
0
0
0
0
0
0
0
0
0
0
0
0
0
0
0
0
0
0
0
0
0
0
0
0
0
0
0
0
0
0
0
0
0
0
0
0
0
0
0
0
0
0
0
0
0
0
0
0
0
0
0
0
0
0
0
0
0
0
0
0
0
0
0
0
0
0
0
0
0
0
0
0
0
0
0
0
0
0
0
0
0
0
0
0
0
0
0
0
0
0
0
0
0
0
0
0
0
0
0
0
0
0
0
0
0
0
0
0
0
0
0
0
0
0
0
0
0
0
0
0
0
0
0
0
0
0
0
0
0
0
0
0
0
0
0
0
0
0
0
0
0
0
0
0
0
0
0
0
0
0
0
0
0
0
0
0
0
0
0
0
0
0
0
0
0
0
0
0
0
0
0
0
0
0
0
0
0
0
0
0
0
0
0
0
0
0
0
0
0
0
0
0
0
0
0
0
0
0
0
0
0
0
0
0
0
0
0
0
0
0
0
0
0
0
0
0
0
0
0
0
0
0
0
0
0
0
0
0
0
0
0
0
0
0
0
0
0
0
0
0
0
0
0
0
0
0
0
0
0
0
0
0
0
0
0
0
0
0
0
0
0
0
0
0
0
0
0
0
0
0
0
0
0
0
0
0
0
0
0
0
0
0
0
0
0
0
0
0
0
0
0
0
0
0
0
0
0
0
0
0
0
0
0
0
0
0
0
0
0
0
0
0
0
0
0
0
0
0
0
0
0
0
0
0
0
0
0
0
0
0
0
0
0
0
0
0
0
0
0
0
0
0
0
0
0
0
0
0
0
0
0
0
0
0
0
0
0
0
0
0
0
0
0
0
0
0
0
0
0
0
0
0
0
0
0
0
0
0
0
0
0
0
0
0
0
0
0
0
0
0
0
0
0
0
0
0
0
0
0
0
0
0
0
0
0
0
0
0
0
0
0
0
0
0
0
0
0
0
0
0
0
0
0
0
0
0
0
0
0
0
0
0
0
0
0
0
0
0
0
0
0
0
0
0
0
0
0
0
0
0
0
0
0
0
0
0
0
0
0
0
0
0
0
0
0
0
0
0
0
0
0
0
0
0
0
0
0
0
0
0
0
0
0
0
0
0
0
0
0
0
0
0
0
0
0
0
0
0
0
0
0
0
0
0
0
0
0
0
0
0
0
0
0
0
0
0
0
0
0
0
0
0
0
0
0
0
0
0
0
0
0
0
0
0
0
0
0
0
0
0
0
0
0
0
0
0
0
0
0
0
0
0
0
0
0
0
0
0
0
0
0
0
0
0
0
0
0
0
0
0
0
0
0
0
0
0
0
0
0
0
0
0
0
0
0
0
0
0
0
0
0
0
0
0
0
0
0
0
0
0
0
0
0
0
0
0
0
0
0
0
0
0
0
0
0
0
0
0
0
0
0
0
0
0
0
0
0
0
0
0
0
0
0
0
0
0
0
0
0
0
0
0
0
0
0
0
0
0
0
0
0
0
0
0
0
0
0
0
0
0
0
0
0
0
0
0
0
0
0
0
0
0
0
0
0
0
0
0
0
0
0
0
0
0
0
0
0
0
0
0
0
0
0
0
0
0
0
0
0
0
0
0
0
0
0
0
0
0
0
0
0
0
0
0
0
0
0
0
0
0
0
0
0
0
0
0
0
0
0
0
0
0
0
0
0
0
0
0
0
0
0
0
0
0
0
0
0
0
0
0
0
0
0
0
0
0
0
0
0
0
0
0
0
0
0
0
0
0
0
0
0
0
0
0
0
0
0
0
0
0
0
0
0
0
0
0
0
0
0
0
0
0
0
0
0
0
0
0
0
0
0
0
0
0
0
0
0
0
0
0
0
0
0
0
0
0
0
0
0
0
0
0
0
0
0
0
0
0
0
0
0
0
0
0
0
0
0
0
0
0
0
0
0
0
0
0
0
0
0
0
0
0
0
0
0
0
0
0
0
0
0
0
0
0
0
0
0
0
0
0
0
0
0
0
0
0
0
0
0
0
0
0
0
0
0
0
0
0
0
0
0
0
0
0
0
0
0
0
0
0
0
0
0
0
0
0
0
0
0
0
0
0
0
0
0
0
0
0
0
0
0
0
0
0
0
0
0
0
0
0
0
0
0
0
0
0
0
0
0
0
0
0
0
0
0
0
0
0
0
0
0
0
0
0
0
0
0
0
0
0
0
0
0
0
0
0
0
0
0
0
0
0
0
0
0
0
0
0
0
0
0
0
0
0
0
0
0
0
0
0
0
0
0
0
0
0
0
0
0
0
0
0
0
0
0
0
0
0
0
0
0
0
0
0
0
0
0
0
0
0
0
0
0
0
0
0
0
0
0
0
0
0
0
0
0
0
0
0
0
0
0
0
0
0
0
0
0
0
0
0
0
0
0
0
0
0
0
0
0
0
0
0
0
0
0
0
0
0
0
0
0
0
0
0
0
0
0
0
0
0
0
0
0
0
0
0
0
0
0
0
0
0
0
0
0
0
0
0
0
0
0
0
0
0
0
0
0
0
0
0
0
0
0
0
0
0
0
0
0
0
0
0
0
0
0
0
0
0
0
0
0
0
0
0
0
0
0
0
0
0
0
0
0
0
0
0
0
0
0
0
0
0
0
0
0
0
0
0
0
0
0
0
0
0
0
0
0
0
0
0
0
0
0
0
0
0
0
0
0
0
0
0
0
0
0
0
0
0
0
0
0
0
0
0
0
0
0
0
0
0
0
0
0
0
0
0
0
0
0
0
0
0
0
0
0
0
0
0
0
0
0
0
0
0
0
0
0
0
0
0
0
0
0
0
0
0
0
0
0
0
0
0
0
0
0
0
0
0
0
0
0
0
0
0
0
0
0
0
0
0
0
0
0
0
0
0
0
0
0
0
0
0
0
0
0
0
0
0
0
0
0
0
0
0
0
0
0
0
0
0
0
0
0
0
0
0
0
0
0
0
0
0
0
0
0
0
0
0
0
0
0
0
0
0
0
0
0
0
0
0
0
0
0
0
0
0
0
0
0
0
0
0
0
0
0
0
0
0
0
0
0
0
0
0
0
0
0
0
0
0
0
0
0
0
0
0
0
0
0
0
0
0
0
0
0
0
0
0
0
0
0
0
0
0
0
0
0
0
0
0
0
0
0
0
0
0
0
0
0
0
0
0
0
0
0
0
0
0
0
0
0
0
0
0
0
0
0
0
0
0
0
0
0
0
0
0
0
0
0
0
0
0
0
0
0
0
0
0
0
0
0
0
0
0
0
0
0
0
0
0
0
0
0
0
0
0
0
0
0
0
0
0
0
0
0
0
0
0
0
0
0
0
0
0
0
0
0
0
0
0
0
0
0
0
0
0
0
0
0
0
0
0
0
0
0
0
0
0
0
0
0
0
0
0
0
)
;

boundaryField
{
    inlet
    {
        type            calculated;
        value           nonuniform List<scalar> 
20
(
-7.42428e-06
-7.42428e-06
-7.42428e-06
-7.42428e-06
-7.42428e-06
-7.42428e-06
-7.42428e-06
-7.42428e-06
-7.42428e-06
-7.42428e-06
-7.42428e-06
-7.42428e-06
-7.42428e-06
-7.42428e-06
-7.42428e-06
-7.42428e-06
-7.42428e-06
-7.42428e-06
-7.42428e-06
-7.42428e-06
)
;
    }
    outlet
    {
        type            calculated;
        value           uniform 0;
    }
    frontAndBack
    {
        type            empty;
    }
    topAndBottom
    {
        type            calculated;
        value           uniform 0;
    }
    defaultFaces
    {
        type            empty;
    }
}


// ************************************************************************* //
