/*--------------------------------*- C++ -*----------------------------------*\
  =========                 |
  \\      /  F ield         | OpenFOAM: The Open Source CFD Toolbox
   \\    /   O peration     | Website:  https://openfoam.org
    \\  /    A nd           | Version:  11
     \\/     M anipulation  |
\*---------------------------------------------------------------------------*/
FoamFile
{
    format      ascii;
    class       surfaceScalarField;
    location    "30";
    object      phi;
}
// * * * * * * * * * * * * * * * * * * * * * * * * * * * * * * * * * * * * * //

dimensions      [0 3 -1 0 0 0 0];

internalField   nonuniform List<scalar> 
5320
(
0
0
0
0
0
0
0
0
0
0
0
0
0
0
0
0
0
0
0
0
0
0
0
0
0
0
0
0
0
0
0
0
0
0
0
0
0
0
0
0
0
0
0
0
0
0
0
0
0
0
0
0
0
0
0
0
0
0
0
0
0
0
0
0
0
0
0
0
0
0
0
0
0
0
0
0
0
0
0
0
0
0
0
0
0
0
0
0
0
0
0
0
0
0
0
0
0
0
0
0
0
0
0
0
0
0
0
0
0
0
0
0
0
0
0
0
0
0
0
0
0
0
0
0
0
0
0
0
0
0
0
0
0
0
0
0
0
0
0
0
0
0
0
0
0
0
0
0
0
0
0
0
0
0
0
0
0
0
0
0
0
0
0
0
0
0
0
0
0
0
0
0
0
0
0
0
0
0
0
0
0
0
0
0
0
0
0
0
0
0
0
0
0
0
0
0
0
0
0
0
0
0
0
0
0
0
0
0
0
0
0
0
0
0
0
0
0
0
0
0
0
0
0
0
0
0
0
0
0
0
0
0
0
0
0
0
0
0
0
0
0
0
0
0
0
0
0
0
0
0
0
0
0
0
0
0
0
0
0
0
0
0
0
0
0
0
0
0
0
0
0
0
0
0
0
0
0
0
0
0
0
0
0
0
0
0
0
0
0
0
0
0
0
0
0
0
0
0
0
0
0
0
0
0
0
0
0
0
0
0
0
0
0
0
0
0
0
0
0
0
0
0
0
0
0
0
0
0
0
0
0
0
0
0
0
0
0
0
0
0
0
0
0
0
0
0
0
0
0
0
0
0
0
0
0
0
0
0
0
0
0
0
0
0
0
0
0
0
0
0
0
0
0
0
0
0
0
0
0
0
0
0
0
0
0
0
0
0
0
0
0
0
0
0
0
0
0
0
0
0
0
0
0
0
0
0
0
0
0
0
0
0
0
0
0
0
0
0
0
0
0
0
0
0
0
0
0
0
0
0
0
0
0
0
0
0
0
0
0
0
0
0
0
0
0
0
0
0
0
0
0
0
0
0
0
0
0
0
0
0
0
0
0
0
0
0
0
0
0
0
0
0
0
0
0
0
0
0
0
0
0
0
0
0
0
0
0
0
0
0
0
0
0
0
0
0
0
0
0
0
0
0
0
0
0
0
0
0
0
0
0
0
0
0
0
0
0
0
0
0
0
0
0
0
0
0
0
0
0
0
0
0
0
0
0
0
0
0
0
0
0
0
0
0
0
0
0
0
0
0
0
0
0
0
0
0
0
0
0
0
0
0
0
0
0
0
0
0
0
0
0
0
0
0
0
0
0
0
0
0
0
0
0
0
0
0
0
0
0
0
0
0
0
0
0
0
0
0
0
0
0
0
0
0
0
0
0
0
0
0
0
0
0
0
0
0
0
0
0
0
0
0
0
0
0
0
0
0
0
0
0
0
0
0
0
0
0
0
0
0
0
0
0
0
0
0
0
0
0
0
0
0
0
0
0
0
0
0
0
0
0
0
0
0
0
0
0
0
0
0
0
0
0
0
0
0
0
0
0
0
0
0
0
0
0
0
0
0
0
0
0
0
0
0
0
0
0
0
0
0
0
0
0
0
0
0
0
0
0
0
0
0
0
0
0
0
0
0
0
0
0
0
0
0
0
0
0
0
0
0
0
0
0
0
0
0
0
0
0
0
0
0
0
0
0
0
0
0
0
0
0
0
0
0
0
0
0
0
0
0
3.09944e-06
7.62939e-06
-6.4373e-06
7.62939e-06
-7.15256e-06
7.62939e-06
-8.9407e-06
1.52588e-05
-1.85966e-05
0
-1.7643e-05
-1.52588e-05
-2.43187e-05
0
-2.75373e-05
1.52588e-05
-2.69413e-05
7.62939e-06
-2.94447e-05
7.62939e-06
-3.50475e-05
0
-2.87294e-05
0
-2.32458e-05
0
-2.6226e-05
0
-1.62125e-05
0
-4.64916e-06
-1.52588e-05
-1.16825e-05
0
-4.05312e-06
0
-2.26498e-06
1.52588e-05
0
3.09944e-06
0
-8.92521e-06
-1.02683e-05
-6.0726e-06
0
-7.45771e-06
0
-2.40104e-05
-1.48107e-05
-1.40926e-05
-8.821e-06
-2.82401e-05
0
-3.25276e-05
2.37135e-05
-2.37423e-05
-7.62939e-06
-2.60266e-05
1.46264e-06
-4.40097e-05
0
-2.61981e-05
-1.82867e-05
-1.95417e-05
-1.52588e-05
-3.2747e-05
1.46269e-05
-1.87533e-05
0
-4.52995e-06
-1.97903e-05
-1.53266e-05
0
-3.22381e-06
0
-2.38419e-06
4.05977e-05
0
2.86102e-06
6.24723e-06
-8.60714e-06
-3.25873e-05
-6.02788e-06
8.86005e-06
-7.55396e-06
-2.58326e-05
-2.43194e-05
-3.32601e-05
-1.39154e-05
-9.14109e-06
-2.74833e-05
0
-3.39326e-05
0
-2.33434e-05
-1.52588e-05
-2.66838e-05
-3.6416e-05
-4.36044e-05
0
-2.55335e-05
-3.19182e-06
-1.8768e-05
0
-3.23949e-05
3.97412e-05
-1.82618e-05
1.87018e-05
-4.41074e-06
-1.52588e-05
-1.49609e-05
0
-3.19096e-06
1.55314e-05
-2.6226e-06
8.11006e-05
1.52588e-05
2.38419e-06
1.21342e-05
-7.40639e-06
-1.52588e-05
-8.79234e-06
1.81851e-05
-7.36251e-06
0
-2.27724e-05
-1.92817e-05
-1.37152e-05
0
-2.7186e-05
0
-3.30346e-05
1.34079e-05
-2.30616e-05
0
-2.54645e-05
-7.66512e-06
-4.61242e-05
-2.14329e-05
-2.77321e-05
-2.31399e-05
-2.00297e-05
-3.75227e-05
-3.54568e-05
-1.52588e-05
-1.9946e-05
1.52588e-05
-4.29153e-06
-2.09453e-05
-1.47819e-05
0
-3.57628e-06
3.94467e-05
-3.21865e-06
4.57764e-05
3.05176e-05
1.66893e-06
6.64608e-06
-6.89725e-06
-3.09857e-05
-8.3683e-06
2.09109e-05
-7.9768e-06
-1.07189e-05
-2.40991e-05
-5.09481e-05
-1.40336e-05
-3.96169e-05
-2.66895e-05
-7.62939e-06
-3.42159e-05
0
-2.31109e-05
0
-2.54276e-05
1.86057e-05
-4.34769e-05
-3.49944e-05
-2.54857e-05
-2.30684e-06
-1.7983e-05
-1.64867e-05
-3.09522e-05
3.45652e-06
-1.90532e-05
4.29242e-05
-4.17233e-06
-1.8433e-05
-1.56183e-05
-4.07991e-05
-3.31164e-06
1.25776e-05
-3.09944e-06
7.92514e-05
3.05176e-05
7.15256e-07
1.90735e-05
-4.88954e-06
0
-1.04357e-05
1.52588e-05
-8.08084e-06
-2.02963e-05
-2.17722e-05
-1.35955e-05
-1.33382e-05
-1.99069e-05
-2.6833e-05
0
-3.46729e-05
-2.87718e-05
-2.25902e-05
4.8593e-06
-2.72047e-05
2.45534e-05
-4.4496e-05
-4.8005e-06
-2.73525e-05
-3.63783e-05
-1.84752e-05
-1.24093e-05
-3.38648e-05
1.27419e-05
-2.1136e-05
1.52588e-05
-4.05312e-06
0
-1.38189e-05
-4.22804e-05
-2.98023e-06
5.94857e-05
-3.57628e-06
3.82377e-05
1.52588e-05
4.76837e-07
7.62939e-06
-5.04249e-06
-2.04258e-05
-1.08288e-05
2.24408e-05
-8.1828e-06
-1.08533e-05
-2.2863e-05
-4.064e-05
-1.32748e-05
-2.62989e-05
-2.78303e-05
0
-3.28233e-05
-7.62939e-06
-2.22204e-05
2.06401e-05
-2.82551e-05
4.41639e-05
-4.33841e-05
-3.82681e-05
-2.67292e-05
0
-1.82518e-05
-2.50181e-05
-3.13671e-05
1.56891e-05
-2.07364e-05
3.99632e-05
-4.29153e-06
0
-1.35598e-05
-2.80499e-05
-3.09944e-06
-2.74267e-06
-3.8147e-06
1.52588e-05
0
0
6.17206e-06
-2.86202e-06
0
-1.18809e-05
1.75938e-05
-8.38362e-06
8.54007e-06
-2.18115e-05
-1.98184e-05
-1.29234e-05
0
-2.93189e-05
-1.07972e-05
-3.32218e-05
-3.01794e-05
-2.16931e-05
6.02932e-06
-3.36804e-05
5.11524e-05
-4.35924e-05
-4.03224e-05
-2.84964e-05
0
-1.78056e-05
-3.15475e-05
-3.23755e-05
1.21878e-05
-2.15394e-05
5.84734e-05
-4.52995e-06
3.45098e-06
-1.27487e-05
-1.5601e-05
-2.98023e-06
0
-3.69549e-06
5.06978e-05
1.52588e-05
-2.38419e-07
0
-2.69596e-06
-1.42724e-05
-1.18535e-05
-7.62939e-06
-8.8284e-06
1.93613e-05
-2.14085e-05
0
-1.30802e-05
0
-2.92177e-05
-1.7458e-05
-3.25314e-05
-4.03464e-05
-2.12407e-05
0
-3.908e-05
5.27552e-05
-4.33235e-05
-2.28649e-05
-3.27449e-05
-5.54056e-05
-1.7396e-05
-4.45812e-05
-3.23055e-05
1.2169e-05
-2.27728e-05
3.90479e-05
-4.88758e-06
-2.68842e-06
-1.26038e-05
0
-2.6226e-06
0
-3.93391e-06
5.53842e-05
3.05176e-05
-4.76837e-07
-1.01475e-05
-2.6715e-06
-2.18234e-05
-1.12457e-05
0
-9.15729e-06
-7.62939e-06
-2.12331e-05
9.70555e-06
-1.31523e-05
1.17668e-05
-2.94421e-05
-2.2916e-05
-3.01163e-05
-2.10163e-05
-1.98002e-05
2.01294e-05
-3.9996e-05
7.77865e-05
-4.02066e-05
-3.97085e-05
-2.87513e-05
1.75856e-05
-1.63837e-05
0
-3.15079e-05
0
-2.27157e-05
4.1932e-05
-5.126e-06
2.71737e-05
-1.28707e-05
-2.00599e-05
-2.5034e-06
0
-4.17233e-06
1.22147e-05
1.52588e-05
-4.76837e-07
0
-2.3068e-06
-2.93867e-05
-1.16603e-05
-1.9258e-05
-8.86724e-06
0
-2.19602e-05
0
-1.36274e-05
0
-2.98077e-05
0
-3.09085e-05
-2.22436e-05
-2.00358e-05
1.5416e-05
-4.52535e-05
3.05605e-05
-4.08542e-05
-3.8491e-05
-3.23478e-05
0
-1.65035e-05
-1.52588e-05
-3.02558e-05
3.59026e-05
-2.34325e-05
4.29261e-05
-5.24521e-06
3.73954e-05
-1.25041e-05
-3.05176e-05
-2.26498e-06
0
-4.05312e-06
4.01074e-05
1.52588e-05
-9.53674e-07
-7.62939e-06
-2.42264e-06
0
-1.09875e-05
0
-8.80804e-06
6.94768e-06
-2.14927e-05
0
-1.36391e-05
0
-3.0111e-05
-1.01265e-05
-2.92653e-05
0
-1.96834e-05
0
-4.43554e-05
1.89189e-05
-3.80453e-05
-9.99184e-06
-3.16988e-05
1.98642e-05
-1.6411e-05
1.56074e-05
-3.04526e-05
0
-2.37585e-05
7.62221e-05
-6.19888e-06
1.52588e-05
-1.31375e-05
-7.42536e-05
-2.14577e-06
-1.97488e-05
-4.29153e-06
3.86988e-05
0
-6.64577e-07
7.62939e-06
-2.48307e-06
-2.07923e-05
-1.06841e-05
7.62939e-06
-8.99278e-06
7.62939e-06
-2.19836e-05
-5.74788e-06
-1.38606e-05
-1.05047e-05
-3.02918e-05
-5.73605e-06
-2.98313e-05
-9.77986e-06
-1.91267e-05
1.01501e-05
-4.49207e-05
1.91619e-05
-3.77382e-05
3.84697e-05
-3.32399e-05
0
-1.66667e-05
1.52588e-05
-3.04805e-05
-2.00108e-05
-2.4001e-05
5.85593e-05
-6.19888e-06
3.61574e-05
-1.13659e-05
-4.50793e-05
-1.66893e-06
1.99456e-05
-4.52995e-06
0
1.52588e-05
-9.53537e-07
0
-2.6226e-06
-2.06483e-05
-1.09407e-05
0
-9.31634e-06
2.21722e-05
-2.15122e-05
-5.81044e-06
-1.3867e-05
-5.91095e-06
-3.08312e-05
-2.28052e-05
-2.94933e-05
-9.14179e-06
-1.93585e-05
0
-4.64978e-05
-1.52588e-05
-3.88072e-05
1.76539e-05
-3.31669e-05
3.50755e-05
-1.70322e-05
-1.6314e-05
-2.70368e-05
0
-2.49414e-05
7.75053e-05
-6.91414e-06
-2.25155e-07
-1.13121e-05
-3.39745e-05
-1.90735e-06
1.52588e-05
-4.29153e-06
2.03062e-05
0
-1.93957e-06
-2.0337e-05
-1.93411e-06
-7.62939e-06
-1.02974e-05
0
-1.02664e-05
0
-2.19179e-05
-3.0311e-05
-1.3966e-05
-3.02129e-05
-2.91964e-05
-1.40651e-05
-2.79571e-05
0
-1.94942e-05
0
-4.58372e-05
1.258e-06
-4.07941e-05
-7.09438e-07
-3.35722e-05
-1.72798e-05
-1.61185e-05
1.52588e-05
-2.6872e-05
3.50071e-06
-2.64809e-05
5.08578e-05
-6.27337e-06
1.4237e-05
-1.04101e-05
-2.83992e-05
-1.90735e-06
0
-4.41074e-06
-1.52588e-05
1.52588e-05
-1.20499e-06
-1.01362e-05
-1.45704e-06
-1.69364e-05
-1.04202e-05
-1.05746e-05
-1.05542e-05
-7.62939e-06
-2.09424e-05
-2.04395e-05
-1.37111e-05
-4.77565e-06
-3.01733e-05
-1.01914e-05
-2.90883e-05
-9.62056e-06
-1.94253e-05
-6.57736e-06
-4.36493e-05
3.09373e-07
-3.80669e-05
2.02134e-05
-3.22897e-05
1.83447e-05
-1.69773e-05
1.86751e-05
-2.7352e-05
-2.03788e-05
-2.70473e-05
3.96046e-05
-6.46342e-06
0
-9.90798e-06
-1.31025e-05
-1.84403e-06
1.99522e-05
-4.17233e-06
-1.52588e-05
0
-1.92988e-06
-7.31945e-06
-1.90735e-06
-9.78291e-06
-1.03633e-05
-9.001e-06
-1.09591e-05
-1.69016e-05
-2.03756e-05
0
-1.37017e-05
-1.41826e-05
-2.92506e-05
-1.70072e-05
-2.83437e-05
0
-1.92287e-05
7.62939e-06
-4.30208e-05
3.65436e-06
-4.17082e-05
4.61366e-06
-3.41844e-05
-4.99126e-06
-1.68316e-05
0
-2.40598e-05
0
-2.61561e-05
1.07678e-05
-6.37185e-06
3.52987e-05
-1.03298e-05
-3.83463e-05
-2.26498e-06
0
-4.17233e-06
-3.79379e-05
0
-2.08639e-06
-7.62939e-06
-1.59347e-06
-2.06682e-05
-1.05822e-05
-1.7226e-05
-1.00157e-05
0
-2.12537e-05
0
-1.38589e-05
0
-2.93503e-05
-7.53399e-06
-2.81907e-05
1.52588e-05
-1.94314e-05
0
-4.25073e-05
5.72537e-05
-4.04909e-05
2.00525e-05
-3.17947e-05
2.94732e-06
-1.6981e-05
0
-2.33913e-05
-1.80736e-05
-2.7819e-05
1.83872e-05
-6.82034e-06
0
-9.45328e-06
-2.82304e-05
-2.34532e-06
-1.52588e-05
-3.69549e-06
0
1.52588e-05
-2.42959e-06
-1.52588e-05
-1.90735e-06
0
-9.93081e-06
-7.62939e-06
-1.02286e-05
0
-2.13532e-05
-7.62939e-06
-1.39389e-05
0
-2.85394e-05
0
-2.91278e-05
7.62939e-06
-1.95482e-05
0
-4.64295e-05
0
-4.10111e-05
1.52588e-05
-3.07688e-05
-1.52588e-05
-1.68789e-05
0
-2.19353e-05
1.52588e-05
-2.70333e-05
0
-6.79988e-06
1.52588e-05
-9.23671e-06
0
-2.26498e-06
0
-3.69549e-06
1.52588e-05
1.52588e-05
-1.43051e-06
-1.90735e-06
-7.98702e-06
-1.21593e-05
-1.70469e-05
-1.72853e-05
-2.40803e-05
-2.57492e-05
-2.38419e-05
-3.57628e-05
-3.56436e-05
-2.86102e-05
-2.09808e-05
-2.16961e-05
-2.13385e-05
-8.70228e-06
-7.27177e-06
-2.26498e-06
-3.93391e-06
0
0
0
0
0
0
0
0
0
0
0
0
0
0
0
0
0
0
0
0
0
0
0
0
0
0
0
0
0
0
0
0
0
0
0
0
0
0
0
0
0
0
0
0
0
0
0
0
0
0
0
0
0
0
0
0
0
0
0
0
0
0
0
0
0
0
0
0
0
0
0
0
0
0
0
0
0
0
0
0
0
0
0
0
0
0
0
0
0
0
0
0
0
0
0
0
0
0
0
0
0
0
0
0
0
0
0
0
0
0
0
0
0
0
0
0
0
0
0
0
0
0
0
0
0
0
0
0
0
0
0
0
0
0
0
0
0
0
0
0
0
0
0
0
0
0
0
0
0
0
0
0
0
0
0
0
0
0
0
0
0
0
0
0
0
0
0
0
0
0
0
0
0
0
0
0
0
0
0
0
0
0
0
0
0
0
0
0
0
0
0
0
0
0
0
0
0
0
0
0
0
0
0
0
0
0
0
0
0
0
0
0
0
0
0
0
0
0
0
0
0
0
0
0
0
0
0
0
0
0
0
0
0
0
0
0
0
0
0
0
0
0
0
0
0
0
0
0
0
0
0
0
0
0
0
0
0
0
0
0
0
0
0
0
0
0
0
0
0
0
0
0
0
0
0
0
0
0
0
0
0
0
0
0
0
0
0
0
0
0
0
0
0
0
0
0
0
0
0
0
0
0
0
0
0
0
0
0
0
0
0
0
0
0
0
0
0
0
0
0
0
0
0
0
0
0
0
0
0
0
0
0
0
0
0
0
0
0
0
0
0
0
0
0
0
0
0
0
0
0
0
0
0
0
0
0
0
0
0
0
0
0
0
0
0
0
0
0
0
0
0
0
0
0
0
0
0
0
0
0
0
0
0
0
0
0
0
0
0
0
0
0
0
0
0
0
0
0
0
0
0
0
0
0
0
0
0
0
0
0
0
0
0
0
0
0
0
0
0
0
0
0
0
0
0
0
0
0
0
0
0
0
0
0
0
0
0
0
0
0
0
0
0
0
0
0
0
0
0
0
0
0
0
0
0
0
0
0
0
0
0
0
0
0
0
0
0
0
0
0
0
0
0
0
0
0
0
0
0
0
0
0
0
0
0
0
0
0
0
0
0
0
0
0
0
0
0
0
0
0
0
0
0
0
0
0
0
0
0
0
0
0
0
0
0
0
0
0
0
0
0
0
0
0
0
0
0
0
0
0
0
0
0
0
0
0
0
0
0
0
0
0
0
0
0
0
0
0
0
0
0
0
0
0
0
0
0
0
0
0
0
0
0
0
0
0
0
0
0
0
0
0
0
0
0
0
0
0
0
0
0
0
0
0
0
0
0
0
0
0
0
0
0
0
0
0
0
0
0
0
0
0
0
0
0
0
0
0
0
0
0
0
0
0
0
0
0
0
0
0
0
0
0
0
0
0
0
0
0
0
0
0
0
0
0
0
0
0
0
0
0
0
0
0
0
0
0
0
0
0
0
0
0
0
0
0
0
0
0
0
0
0
0
0
0
0
0
0
0
0
0
0
0
0
0
0
0
0
0
0
0
0
0
0
0
0
0
0
0
0
0
0
0
0
0
0
0
0
0
0
0
0
0
0
0
0
0
0
0
0
0
0
0
0
0
0
0
0
0
0
0
0
0
0
0
0
0
0
0
0
0
0
0
0
0
0
0
0
0
0
0
0
0
0
0
0
0
0
0
0
0
0
0
0
0
0
0
0
0
0
0
0
0
0
0
0
0
0
0
0
0
0
0
0
0
0
0
0
0
0
0
0
0
0
0
0
0
0
0
0
0
0
0
0
0
0
0
0
0
0
0
0
0
0
0
0
0
0
0
0
0
0
0
0
0
0
0
0
0
0
0
0
0
0
0
0
0
0
0
0
0
0
0
0
0
0
0
0
0
0
0
0
0
0
0
0
0
0
0
0
0
0
0
0
0
0
0
0
0
0
0
0
0
0
0
0
0
0
0
0
0
0
0
0
0
0
0
0
0
0
0
0
0
0
0
0
0
0
0
0
0
0
0
0
0
0
0
0
0
0
0
0
0
0
0
0
0
0
0
0
0
0
0
0
0
0
0
0
0
0
0
0
0
0
0
0
0
0
0
0
0
0
0
0
0
0
0
0
0
0
0
0
0
0
0
0
0
0
0
0
0
0
0
0
0
0
0
0
0
0
0
0
0
0
0
0
0
0
0
0
0
0
0
0
0
0
0
0
0
0
0
0
0
0
0
0
0
0
0
0
0
0
0
0
0
0
0
0
0
0
0
0
0
0
0
0
0
0
0
0
0
0
0
0
0
0
0
0
0
0
0
0
0
0
0
0
0
0
0
0
0
0
0
0
0
0
0
0
0
0
0
0
0
0
0
0
0
0
0
0
0
0
0
0
0
0
0
0
0
0
0
0
0
0
0
0
0
0
0
0
0
0
0
0
0
0
0
0
0
0
0
0
0
0
0
0
0
0
0
0
0
0
0
0
0
0
0
0
0
0
0
0
0
0
0
0
0
0
0
0
0
0
0
0
0
0
0
0
0
0
0
0
0
0
0
0
0
0
0
0
0
0
0
0
0
0
0
0
0
0
0
0
0
0
0
0
0
0
0
0
0
0
0
0
0
0
0
0
0
0
0
0
0
0
0
0
0
0
0
0
0
0
0
0
0
0
0
0
0
0
0
0
0
0
0
0
0
0
0
0
0
0
0
0
0
0
0
0
0
0
0
0
0
0
0
0
0
0
0
0
0
0
0
0
0
0
0
0
0
0
0
0
0
0
0
0
0
0
0
0
0
0
0
0
0
0
0
0
0
0
0
0
0
0
0
0
0
0
0
0
0
0
0
0
0
0
0
0
0
0
0
0
0
0
0
0
0
0
0
0
0
0
0
0
0
0
0
0
0
0
0
0
0
0
0
0
0
0
0
0
0
0
0
0
0
0
0
0
0
0
0
0
0
0
0
0
0
0
0
0
0
0
0
0
0
0
0
0
0
0
0
0
0
0
0
0
0
0
0
0
0
0
0
0
0
0
0
0
0
0
0
0
0
0
0
0
0
0
0
0
0
0
0
0
0
0
0
0
0
0
0
0
0
0
0
0
0
0
0
0
0
0
0
0
0
0
0
0
0
0
0
0
0
0
0
0
0
0
0
0
0
0
0
0
0
0
0
0
0
0
0
0
0
0
0
0
0
0
0
0
0
0
0
0
0
0
0
0
0
0
0
0
0
0
0
0
0
0
0
0
0
0
0
0
0
0
0
0
0
0
0
0
0
0
0
0
0
0
0
0
0
0
0
0
0
0
0
0
0
0
0
0
0
0
0
0
0
0
0
0
0
0
0
0
0
0
0
0
0
0
0
0
0
0
0
0
0
0
0
0
0
0
0
0
0
0
0
0
0
0
0
0
0
0
0
0
0
0
0
0
0
0
0
0
0
0
0
0
0
0
0
0
0
0
0
0
0
0
0
0
0
0
0
0
0
0
0
0
0
0
0
0
0
0
0
0
0
0
0
0
0
0
0
0
0
0
0
0
0
0
0
0
0
0
0
0
0
0
0
0
0
0
0
0
0
0
0
0
0
0
0
0
0
0
0
0
0
0
0
0
0
0
0
0
0
0
0
0
0
0
0
0
0
0
0
0
0
0
0
0
0
0
0
0
0
0
0
0
0
0
0
0
0
0
0
0
0
0
0
0
0
0
0
0
0
0
0
0
0
0
0
0
0
0
0
0
0
0
0
0
0
0
0
0
0
0
0
0
0
0
0
0
0
0
0
0
0
0
0
0
0
0
0
0
0
0
0
0
0
0
0
0
0
0
0
0
0
0
0
0
0
0
0
0
0
0
0
0
0
0
0
0
0
0
0
0
0
0
0
0
0
0
0
0
0
0
0
0
0
0
0
0
0
0
0
0
0
0
0
0
0
0
0
0
0
0
0
0
0
0
0
0
0
0
0
0
0
0
0
0
0
0
0
0
0
0
0
0
0
0
0
0
0
0
0
0
0
0
0
0
0
0
0
0
0
0
0
0
0
0
0
0
0
0
0
0
0
0
0
0
0
0
0
0
0
0
0
0
0
0
0
0
0
0
0
0
0
0
0
0
0
0
0
0
0
0
0
0
0
0
0
0
0
0
0
0
0
0
0
0
0
0
0
0
0
0
0
0
0
0
0
0
0
0
0
0
0
0
0
0
0
0
0
0
0
0
0
0
0
0
0
0
0
0
0
0
0
0
0
0
0
0
0
0
0
0
0
0
0
0
0
0
0
0
0
0
0
0
0
0
0
0
0
0
0
0
0
0
0
0
0
0
0
0
0
0
0
0
0
0
0
0
0
0
0
0
0
0
0
0
0
0
0
0
0
0
0
0
0
0
0
0
0
0
0
0
0
0
0
0
0
0
0
0
0
0
0
0
0
0
0
0
0
0
0
0
0
0
0
0
0
0
0
0
0
0
0
0
0
0
0
0
0
0
0
0
0
0
0
0
0
0
0
0
0
0
0
0
0
0
0
0
0
0
0
0
0
0
0
0
0
0
0
0
0
0
0
0
0
0
0
0
0
0
0
0
0
0
0
0
0
0
0
0
0
0
0
0
0
0
0
0
0
0
0
0
0
0
0
0
0
0
0
0
0
0
0
0
0
0
0
0
0
0
0
0
0
0
0
0
0
0
0
0
0
0
0
0
0
0
0
0
0
0
0
0
0
0
0
0
0
0
0
0
0
0
0
0
0
0
0
0
0
0
0
0
0
0
0
0
0
0
0
0
0
0
0
0
0
0
0
0
0
0
0
0
0
0
0
0
0
0
0
0
0
0
0
0
0
0
0
0
0
0
0
0
0
0
0
0
0
0
0
0
0
0
0
0
0
0
0
0
0
0
0
0
0
0
0
0
0
0
0
0
0
0
0
0
0
0
0
0
0
0
0
0
0
0
0
0
0
0
0
0
0
0
0
0
0
0
0
0
0
0
0
0
0
0
0
0
0
0
0
0
0
0
0
0
0
0
0
0
0
0
0
0
0
0
0
0
0
0
0
0
0
0
0
0
0
0
0
0
0
0
0
0
0
0
0
0
0
0
0
0
0
0
0
0
0
0
0
0
0
0
0
0
0
0
0
0
0
0
0
0
0
0
0
0
0
0
0
0
0
0
0
0
0
0
0
0
0
0
0
0
0
0
0
0
0
0
0
0
0
0
0
0
0
0
0
0
0
0
0
0
0
0
0
0
0
0
0
0
0
0
0
0
0
0
0
0
0
0
0
0
0
0
0
0
0
0
0
0
0
0
0
0
0
0
0
0
0
0
0
0
0
0
0
0
0
0
0
0
0
0
0
0
0
0
0
0
0
0
0
0
0
0
0
0
0
0
0
0
0
0
0
0
0
0
0
0
0
0
0
0
0
0
0
0
0
0
0
0
0
0
0
0
0
0
0
0
0
0
0
0
0
0
0
0
0
0
0
0
0
0
0
0
0
0
0
0
0
0
0
0
0
0
0
0
0
0
0
0
0
0
0
0
0
0
0
0
0
0
0
0
0
0
0
0
0
0
0
0
0
0
0
0
0
0
0
0
0
0
0
0
0
0
0
0
0
0
0
0
0
0
0
0
0
0
0
0
0
0
0
0
0
0
0
0
0
0
0
0
0
0
0
0
0
0
0
0
0
0
0
0
0
0
0
0
0
0
0
0
0
0
0
0
0
0
0
0
0
0
0
0
0
0
0
0
0
0
0
0
0
0
0
0
0
0
0
0
0
0
0
0
0
0
0
0
0
0
0
0
0
0
0
0
0
0
0
0
0
0
0
0
0
0
0
0
0
0
0
0
0
0
0
0
0
0
0
0
0
0
0
0
0
0
0
0
0
0
0
0
0
0
0
0
0
0
0
0
0
0
0
0
0
0
0
0
0
0
0
0
0
0
0
0
0
0
0
0
0
0
0
0
0
0
0
0
0
0
0
0
0
0
0
0
0
0
0
0
0
0
0
0
0
0
0
0
0
0
0
0
0
0
0
0
0
0
0
0
0
0
0
0
0
0
0
0
0
0
0
0
0
0
0
0
0
0
0
0
0
0
0
0
0
0
0
0
0
0
0
0
0
0
0
0
0
0
0
0
0
0
0
0
0
0
0
0
0
0
0
0
0
0
0
0
0
0
0
0
0
0
0
0
0
0
0
0
0
0
0
0
0
0
0
0
0
0
0
0
0
0
0
0
0
0
0
0
0
0
0
0
0
0
0
0
0
0
0
0
0
0
0
0
0
0
0
0
0
0
0
0
0
0
0
0
0
0
0
0
0
0
0
0
0
0
0
0
0
0
0
0
0
0
0
0
0
0
0
0
0
0
0
0
0
0
0
0
0
0
0
0
0
0
0
0
0
0
0
0
0
0
0
0
0
0
0
0
0
0
0
0
0
0
0
0
0
0
0
0
0
0
0
0
0
0
0
0
0
0
0
0
0
0
0
0
0
0
0
0
0
0
0
0
0
0
0
0
0
0
0
0
0
0
0
0
0
0
0
0
0
0
0
0
0
0
0
0
0
0
0
0
0
0
0
0
0
0
0
0
0
0
0
0
0
0
0
0
0
0
0
0
0
0
0
0
0
0
0
0
0
0
0
0
0
0
0
0
0
0
0
0
0
0
0
0
0
0
0
0
0
0
0
0
0
0
0
0
0
0
0
0
0
0
0
0
0
0
0
0
0
0
0
0
0
0
0
0
0
0
0
0
0
0
0
0
0
0
0
0
0
0
0
0
0
0
0
0
0
0
0
0
0
0
0
0
0
0
0
0
0
0
0
0
0
0
0
0
0
0
0
0
0
0
0
0
0
0
0
0
0
0
0
0
0
0
0
0
0
0
0
0
0
0
0
0
0
0
0
0
0
0
0
0
0
0
0
0
0
0
0
0
0
0
0
0
0
0
0
0
0
0
0
0
0
0
0
0
0
0
0
0
0
0
0
0
0
0
0
0
0
0
0
0
0
0
0
0
0
0
0
0
0
0
0
0
0
0
0
0
0
0
0
0
0
0
0
0
0
0
0
0
0
0
0
0
0
0
0
0
0
0
0
0
0
0
0
0
0
0
0
0
0
0
0
0
0
0
0
0
0
0
0
0
0
0
0
0
0
0
0
0
0
0
0
0
0
0
0
0
0
0
0
0
0
0
0
0
0
0
0
0
0
0
0
0
0
0
0
0
0
0
0
0
0
0
0
0
0
0
0
0
0
0
0
0
0
0
0
0
0
0
0
0
0
0
0
0
0
0
0
0
0
0
0
0
0
0
0
0
0
0
0
0
0
0
0
0
0
0
0
0
0
0
0
0
0
0
0
0
0
0
0
0
0
0
0
0
0
0
0
0
0
0
0
0
0
0
0
0
0
0
0
0
0
0
0
0
0
0
0
0
0
0
0
0
0
0
0
0
0
0
0
0
0
0
0
0
0
0
0
0
0
0
0
0
0
0
0
0
0
0
0
0
0
0
0
0
0
0
0
0
0
0
0
0
0
0
0
0
0
0
0
0
0
0
0
0
0
0
0
0
0
0
0
0
0
0
0
0
0
0
0
0
0
0
0
0
0
0
0
0
0
0
0
0
0
0
0
0
0
0
0
0
0
0
0
0
0
0
0
0
0
0
0
0
0
0
0
0
0
0
0
0
0
0
0
0
0
0
0
0
0
0
0
0
0
0
0
0
0
0
0
0
0
0
0
0
0
0
0
0
0
0
0
0
0
0
0
0
0
0
0
0
0
0
0
0
0
0
0
0
0
0
0
0
0
0
0
0
0
0
0
0
0
0
0
0
0
0
0
0
0
0
0
0
0
0
0
0
0
0
0
0
0
0
0
0
0
0
0
0
0
0
0
0
0
0
0
0
0
0
0
0
0
0
0
0
0
0
0
0
0
0
0
0
0
0
0
0
0
0
0
0
0
0
0
0
0
0
0
0
0
0
0
0
0
0
0
0
0
0
0
0
0
0
0
0
0
0
0
0
0
0
0
0
0
0
0
0
0
0
0
0
0
0
0
0
0
0
0
0
0
0
0
0
0
0
0
0
0
0
0
0
0
0
0
0
0
0
0
0
0
0
0
0
0
0
0
0
0
0
0
0
0
0
0
0
0
0
0
0
0
0
0
0
0
0
0
0
0
0
0
0
0
0
0
0
0
0
0
0
0
0
0
0
0
0
0
0
0
0
0
0
0
0
0
0
0
0
0
0
0
0
0
0
0
0
0
0
0
0
0
0
0
0
0
0
0
0
0
0
0
0
0
0
0
0
0
0
0
0
0
0
0
0
0
0
0
0
0
0
0
0
0
0
0
0
0
0
0
0
0
0
0
0
0
0
0
0
0
0
0
0
0
0
0
0
0
0
0
0
0
0
0
0
0
0
0
0
0
0
0
0
0
0
0
0
0
0
0
0
0
0
0
0
0
0
0
0
0
0
0
0
0
0
0
0
0
0
0
0
0
0
0
0
0
0
0
0
0
0
0
0
0
0
0
0
0
0
0
0
0
0
0
0
0
0
0
0
0
0
0
0
0
0
0
0
0
0
0
0
0
0
0
0
0
0
0
0
0
0
0
0
0
0
0
0
0
0
)
;

boundaryField
{
    inlet
    {
        type            calculated;
        value           nonuniform List<scalar> 
20
(
-7.42428e-06
-7.42428e-06
-7.42428e-06
-7.42428e-06
-7.42428e-06
-7.42428e-06
-7.42428e-06
-7.42428e-06
-7.42428e-06
-7.42428e-06
-7.42428e-06
-7.42428e-06
-7.42428e-06
-7.42428e-06
-7.42428e-06
-7.42428e-06
-7.42428e-06
-7.42428e-06
-7.42428e-06
-7.42428e-06
)
;
    }
    outlet
    {
        type            calculated;
        value           uniform 0;
    }
    frontAndBack
    {
        type            empty;
    }
    topAndBottom
    {
        type            calculated;
        value           uniform 0;
    }
    defaultFaces
    {
        type            empty;
    }
}


// ************************************************************************* //
