/*--------------------------------*- C++ -*----------------------------------*\
  =========                 |
  \\      /  F ield         | OpenFOAM: The Open Source CFD Toolbox
   \\    /   O peration     | Website:  https://openfoam.org
    \\  /    A nd           | Version:  11
     \\/     M anipulation  |
\*---------------------------------------------------------------------------*/
FoamFile
{
    format      ascii;
    class       surfaceScalarField;
    location    "42";
    object      phi;
}
// * * * * * * * * * * * * * * * * * * * * * * * * * * * * * * * * * * * * * //

dimensions      [0 3 -1 0 0 0 0];

internalField   nonuniform List<scalar> 
5320
(
0
0
0
0
0
0
0
0
0
0
0
0
0
0
0
0
0
0
0
0
0
0
0
0
0
0
0
0
0
0
0
0
0
0
0
0
0
0
0
0
0
0
0
0
0
0
0
0
0
0
0
0
0
0
0
0
0
0
0
0
0
0
0
0
0
0
0
0
0
0
0
0
0
0
0
0
0
0
0
0
0
0
0
0
0
0
0
0
0
0
0
0
0
0
0
0
0
0
0
0
0
0
0
0
0
0
0
0
0
0
0
0
0
0
0
0
0
0
0
0
0
0
0
0
0
0
0
0
0
0
0
0
0
0
0
0
0
0
0
0
0
0
0
0
0
0
0
0
0
0
0
0
0
0
0
0
0
0
0
0
0
0
0
0
0
0
0
0
0
0
0
0
0
0
0
0
0
0
0
0
0
0
0
0
0
0
0
0
0
0
0
0
0
0
0
0
0
0
0
0
0
0
0
0
0
0
0
0
0
0
0
0
0
0
0
0
0
0
0
0
0
0
0
0
0
0
0
0
0
0
0
0
0
0
0
0
0
0
0
0
0
0
0
0
0
0
0
0
0
0
0
0
0
0
0
0
0
0
0
0
0
0
0
0
0
0
0
0
0
0
0
0
0
0
0
0
0
0
0
0
0
0
0
0
0
0
0
0
0
0
0
0
0
0
0
0
0
0
0
0
0
0
0
0
0
0
0
0
0
0
0
0
0
0
0
0
0
0
0
0
0
0
0
0
0
0
0
0
0
0
0
0
0
0
0
0
0
0
0
0
0
0
0
0
0
0
0
0
0
0
0
0
0
0
0
0
0
0
0
0
0
0
0
0
0
0
0
0
0
0
0
0
0
0
0
0
0
0
0
0
0
0
0
0
0
0
0
0
0
0
0
0
0
0
0
0
0
0
0
0
0
0
0
0
0
0
0
0
0
0
0
0
0
0
0
0
0
0
0
0
0
0
0
0
0
0
0
0
0
0
0
0
0
0
0
0
0
0
0
0
0
0
0
0
0
0
0
0
0
0
0
0
0
0
0
0
0
0
0
0
0
0
0
0
0
0
0
0
0
0
0
0
0
0
0
0
0
0
0
0
0
0
0
0
0
0
0
0
0
0
0
0
0
0
0
0
0
0
0
0
0
0
0
0
0
0
0
0
0
0
0
0
0
0
0
0
0
0
0
0
0
0
0
0
0
0
0
0
0
0
0
0
0
0
0
0
0
0
0
0
0
0
0
0
0
0
0
0
0
0
0
0
0
0
0
0
0
0
0
0
0
0
0
0
0
0
0
0
0
0
0
0
0
0
0
0
0
0
0
0
0
0
0
0
0
0
0
0
0
0
0
0
0
0
0
0
0
0
0
0
0
0
0
0
0
0
0
0
0
0
0
0
0
0
0
0
0
0
0
0
0
0
0
0
0
0
0
0
0
0
0
0
0
0
0
0
0
0
0
0
0
0
0
0
0
0
0
0
0
0
0
0
0
0
0
0
0
0
0
0
0
0
0
0
0
0
0
0
0
0
0
0
0
0
0
0
0
0
0
0
0
0
0
0
0
0
0
0
0
0
0
0
0
0
0
0
0
0
0
0
0
0
0
0
0
0
0
0
0
0
0
0
0
0
0
0
0
0
0
0
0
0
0
0
0
0
0
0
0
0
0
0
0
0
0
0
0
0
0
0
0
0
0
0
0
0
0
0
0
0
0
0
0
0
0
0
0
0
0
0
3.09944e-06
7.62939e-06
-6.4373e-06
1.52588e-05
-7.15256e-06
1.52588e-05
-8.9407e-06
7.62939e-06
-1.84774e-05
0
-1.75238e-05
-1.52588e-05
-2.43187e-05
0
-2.76566e-05
7.62939e-06
-2.69413e-05
7.62939e-06
-2.93255e-05
1.52588e-05
-3.50475e-05
1.52588e-05
-2.87294e-05
-1.52588e-05
-2.32458e-05
1.52588e-05
-2.6226e-05
0
-1.62125e-05
0
-4.64916e-06
-1.52588e-05
-1.15633e-05
0
-4.05312e-06
0
-2.26498e-06
1.52588e-05
0
3.09944e-06
0
-8.92355e-06
-1.14147e-05
-6.05287e-06
0
-7.34698e-06
0
-2.4086e-05
-7.62939e-06
-1.40072e-05
-8.75558e-06
-2.82927e-05
0
-3.23596e-05
2.67168e-05
-2.39662e-05
-7.62939e-06
-2.625e-05
1.52588e-05
-4.40442e-05
0
-2.60983e-05
-1.8312e-05
-1.96222e-05
-1.52588e-05
-3.27051e-05
-1.87651e-06
-1.87147e-05
0
-4.41074e-06
-1.77064e-05
-1.52186e-05
0
-3.09555e-06
0
-2.26498e-06
5.87676e-05
0
2.86102e-06
6.05934e-06
-8.59214e-06
-3.99586e-05
-6.09851e-06
8.86376e-06
-7.59339e-06
-1.82163e-05
-2.40284e-05
-3.68154e-05
-1.38009e-05
-8.98203e-06
-2.76753e-05
0
-3.37802e-05
0
-2.32904e-05
-7.62939e-06
-2.65978e-05
-2.34132e-05
-4.38813e-05
0
-2.54972e-05
-1.88101e-05
-1.89572e-05
0
-3.27599e-05
2.11627e-05
-1.87627e-05
1.42607e-05
-4.41074e-06
-1.85502e-05
-1.49031e-05
0
-3.29981e-06
3.7339e-05
-2.74181e-06
8.0708e-05
1.52588e-05
2.14577e-06
1.18596e-05
-7.5273e-06
-1.93737e-05
-8.69686e-06
5.54542e-06
-7.46837e-06
0
-2.29459e-05
-1.9538e-05
-1.37035e-05
0
-2.72102e-05
0
-3.29798e-05
1.1885e-05
-2.3041e-05
0
-2.58301e-05
-7.80161e-06
-4.57867e-05
-2.41492e-05
-2.69094e-05
-3.49886e-05
-1.96003e-05
-3.69625e-05
-3.52218e-05
-1.52588e-05
-1.96916e-05
0
-4.29153e-06
-3.60329e-05
-1.47876e-05
0
-3.5263e-06
6.06009e-05
-3.21865e-06
4.57764e-05
3.05176e-05
1.66893e-06
6.44553e-06
-6.88758e-06
-3.80458e-05
-8.47278e-06
1.2224e-05
-7.98138e-06
-6.08927e-06
-2.41098e-05
-5.09463e-05
-1.40083e-05
-3.96239e-05
-2.71012e-05
-7.62939e-06
-3.4397e-05
0
-2.32739e-05
0
-2.52983e-05
1.52588e-05
-4.33361e-05
-3.62626e-05
-2.56912e-05
-1.52588e-05
-1.83178e-05
-1.64868e-05
-3.14131e-05
1.42678e-05
-1.89863e-05
3.85259e-05
-4.05312e-06
-1.44976e-05
-1.58436e-05
-4.08819e-05
-3.33786e-06
1.26836e-05
-2.98023e-06
7.45266e-05
3.05176e-05
9.53674e-07
1.94969e-05
-4.96113e-06
0
-1.03038e-05
5.9881e-06
-8.18657e-06
-2.82622e-05
-2.17646e-05
-1.15918e-05
-1.33391e-05
-2.02394e-05
-2.69663e-05
0
-3.46147e-05
-2.79158e-05
-2.26263e-05
7.62939e-06
-2.6896e-05
2.41976e-05
-4.47639e-05
-1.98386e-05
-2.71668e-05
-3.64188e-05
-1.81257e-05
-1.52588e-05
-3.31894e-05
-2.68276e-06
-2.10137e-05
2.59326e-05
-4.17233e-06
0
-1.40125e-05
-5.90151e-05
-3.09944e-06
5.40631e-05
-3.69549e-06
3.81133e-05
1.52588e-05
4.76837e-07
7.62939e-06
-5.04215e-06
-2.04391e-05
-1.08506e-05
2.22071e-05
-8.31508e-06
-1.76902e-05
-2.29675e-05
-4.07106e-05
-1.32732e-05
-2.91407e-05
-2.78492e-05
0
-3.25779e-05
-1.52588e-05
-2.20503e-05
1.30221e-05
-2.75951e-05
4.42637e-05
-4.28901e-05
-3.00741e-05
-2.67577e-05
0
-1.84626e-05
-1.99358e-05
-3.18821e-05
2.79249e-05
-2.08522e-05
4.24947e-05
-4.29153e-06
0
-1.33022e-05
-3.05176e-05
-3.09944e-06
1.22212e-05
-3.8147e-06
1.52588e-05
0
0
6.24298e-06
-2.91578e-06
0
-1.18729e-05
1.02269e-05
-8.3963e-06
8.54062e-06
-2.16518e-05
-1.47567e-05
-1.28243e-05
0
-2.93573e-05
-1.01697e-05
-3.33881e-05
-3.0623e-05
-2.17148e-05
1.43611e-05
-3.44075e-05
5.56149e-05
-4.42256e-05
-4.04643e-05
-2.88965e-05
0
-1.76161e-05
-3.38631e-05
-3.17993e-05
3.41724e-05
-2.14933e-05
6.06171e-05
-4.56523e-06
2.00544e-05
-1.30719e-05
-1.52205e-05
-2.86102e-06
0
-3.69549e-06
5.94681e-05
1.52588e-05
-2.38419e-07
0
-2.70448e-06
-6.97108e-06
-1.18644e-05
-1.52588e-05
-8.82832e-06
1.18575e-05
-2.14343e-05
0
-1.30624e-05
0
-2.94209e-05
-7.16951e-06
-3.23755e-05
-4.03638e-05
-2.12809e-05
0
-3.95451e-05
3.77643e-05
-4.38257e-05
-3.87799e-05
-3.31743e-05
-4.26438e-05
-1.75024e-05
-4.38599e-05
-3.24491e-05
-3.12043e-06
-2.27244e-05
6.54563e-05
-4.88758e-06
1.38739e-05
-1.24753e-05
0
-2.6226e-06
0
-3.93391e-06
6.03871e-05
3.05176e-05
-2.38419e-07
-1.01517e-05
-2.67041e-06
-2.09605e-05
-1.1497e-05
0
-9.27597e-06
-7.62939e-06
-2.10811e-05
1.20798e-05
-1.32721e-05
1.04221e-05
-2.96249e-05
-2.45231e-05
-3.02066e-05
-1.29834e-05
-1.95026e-05
2.10149e-05
-3.97161e-05
9.9556e-05
-4.01274e-05
-4.10438e-05
-2.86961e-05
1.73834e-05
-1.64711e-05
0
-3.20399e-05
0
-2.27444e-05
5.1995e-05
-5.00679e-06
2.24357e-05
-1.29056e-05
-2.00473e-05
-2.18751e-06
0
-4.41074e-06
1.22725e-05
1.52588e-05
-4.76837e-07
0
-2.49473e-06
-2.19851e-05
-1.17144e-05
-1.92582e-05
-8.85379e-06
0
-2.20399e-05
0
-1.3635e-05
0
-2.94228e-05
0
-3.09767e-05
-2.83375e-05
-2.02879e-05
7.62939e-06
-4.51116e-05
3.55625e-05
-4.01405e-05
-2.01833e-05
-3.27498e-05
0
-1.64754e-05
-1.52588e-05
-2.98826e-05
4.0303e-05
-2.40095e-05
4.23029e-05
-5.36442e-06
2.67268e-05
-1.24767e-05
-3.05176e-05
-2.14577e-06
0
-3.93391e-06
3.90877e-05
1.52588e-05
-5.55389e-07
-7.62939e-06
-2.25458e-06
0
-1.09079e-05
0
-8.80266e-06
7.36003e-06
-2.15713e-05
0
-1.37489e-05
0
-3.02044e-05
-1.02782e-05
-2.91917e-05
0
-1.95281e-05
0
-4.44625e-05
4.09898e-05
-3.85575e-05
-1.79997e-05
-3.15337e-05
1.87464e-05
-1.65464e-05
1.56013e-05
-3.0455e-05
0
-2.30164e-05
7.61251e-05
-6.19888e-06
1.44213e-05
-1.32029e-05
-8.19232e-05
-2.02656e-06
-1.46059e-05
-4.29153e-06
3.88071e-05
0
-6.35414e-07
7.62939e-06
-2.48084e-06
-2.08644e-05
-1.08655e-05
1.52588e-05
-8.9898e-06
1.52588e-05
-2.18531e-05
-7.49183e-06
-1.38632e-05
-1.81607e-05
-3.03727e-05
-1.54673e-05
-2.96649e-05
-1.75196e-05
-1.91729e-05
1.91924e-05
-4.5234e-05
1.99112e-05
-3.78047e-05
1.99209e-05
-3.32846e-05
0
-1.64713e-05
1.52588e-05
-3.02292e-05
-1.42829e-05
-2.40512e-05
5.75482e-05
-6.07967e-06
2.45521e-05
-1.10305e-05
-5.11985e-05
-1.78814e-06
1.99348e-05
-4.52995e-06
0
1.52588e-05
-9.54278e-07
0
-2.36419e-06
-2.06424e-05
-1.08092e-05
0
-9.31393e-06
2.04203e-05
-2.14977e-05
-6.04512e-06
-1.38964e-05
-1.35351e-05
-3.05423e-05
-2.77199e-05
-2.95828e-05
-6.30959e-06
-1.97588e-05
0
-4.7163e-05
-2.00167e-05
-3.85578e-05
1.95693e-05
-3.31547e-05
3.43743e-05
-1.69146e-05
-3.15345e-05
-2.73201e-05
0
-2.51177e-05
9.26458e-05
-6.94469e-06
-7.84662e-07
-1.13017e-05
-4.82526e-05
-1.90735e-06
1.24466e-05
-4.29153e-06
2.03071e-05
0
-1.87581e-06
-2.07893e-05
-1.97968e-06
-7.62939e-06
-1.04604e-05
0
-1.01614e-05
0
-2.1973e-05
-2.26786e-05
-1.4054e-05
-2.24938e-05
-2.93305e-05
-1.40903e-05
-2.80969e-05
0
-1.91957e-05
0
-4.48991e-05
0
-4.06834e-05
1.45949e-05
-3.36226e-05
-1.72605e-05
-1.63367e-05
1.52588e-05
-2.67723e-05
1.42767e-05
-2.62941e-05
7.69896e-05
-6.22485e-06
1.52588e-05
-1.05876e-05
-1.52588e-05
-1.90735e-06
0
-4.41074e-06
-1.52588e-05
1.52588e-05
-1.69694e-06
-1.01266e-05
-1.68607e-06
-1.83109e-05
-1.04602e-05
-1.02253e-05
-1.05824e-05
-1.52588e-05
-2.07734e-05
-1.75241e-05
-1.37174e-05
-1.52588e-05
-3.01637e-05
-1.78173e-05
-2.89294e-05
-9.37425e-06
-1.97165e-05
-1.38227e-05
-4.3887e-05
-3.46948e-06
-3.83135e-05
2.25955e-05
-3.30026e-05
1.52588e-05
-1.69299e-05
1.44889e-05
-2.7359e-05
-2.02808e-05
-2.69305e-05
4.8176e-05
-6.33563e-06
0
-1.00327e-05
-1.2348e-05
-1.90735e-06
1.99144e-05
-4.17233e-06
-1.52588e-05
0
-2.11003e-06
-6.60066e-06
-1.68366e-06
-6.28595e-06
-1.04912e-05
-7.62939e-06
-1.09557e-05
-2.14227e-05
-2.04756e-05
0
-1.3833e-05
-7.62939e-06
-2.9271e-05
-1.54015e-05
-2.83616e-05
0
-1.92014e-05
7.62939e-06
-4.3714e-05
7.69598e-06
-4.18993e-05
3.66403e-06
-3.3417e-05
-4.95572e-06
-1.66154e-05
0
-2.45314e-05
0
-2.65138e-05
1.52588e-05
-6.43578e-06
3.53049e-05
-1.00877e-05
-3.05176e-05
-2.26498e-06
0
-4.17233e-06
-3.53352e-05
0
-1.97151e-06
-6.75182e-06
-1.59163e-06
-2.2127e-05
-1.05539e-05
-2.19437e-05
-1.01381e-05
0
-2.12551e-05
0
-1.38454e-05
0
-2.94294e-05
-7.50679e-06
-2.8279e-05
1.52588e-05
-1.93024e-05
0
-4.28577e-05
4.19494e-05
-4.08116e-05
1.52588e-05
-3.16762e-05
-1.22992e-05
-1.69962e-05
0
-2.3408e-05
-1.80237e-05
-2.76826e-05
1.83507e-05
-6.87288e-06
0
-9.62962e-06
-1.089e-05
-2.38419e-06
-1.52588e-05
-3.8147e-06
0
1.52588e-05
-2.42705e-06
-1.52588e-05
-1.78814e-06
0
-9.89814e-06
-7.62939e-06
-1.03379e-05
0
-2.13253e-05
-7.62939e-06
-1.39385e-05
0
-2.86384e-05
0
-2.93197e-05
7.62939e-06
-1.94325e-05
0
-4.58236e-05
0
-4.03711e-05
0
-3.09456e-05
-1.52588e-05
-1.68353e-05
0
-2.2111e-05
1.52588e-05
-2.70317e-05
0
-6.76961e-06
1.52588e-05
-9.08694e-06
0
-2.14577e-06
0
-3.8147e-06
1.52588e-05
1.52588e-05
-1.19209e-06
-2.14577e-06
-7.98702e-06
-1.21593e-05
-1.70469e-05
-1.71661e-05
-2.39611e-05
-2.57492e-05
-2.37226e-05
-3.57628e-05
-3.57628e-05
-2.86102e-05
-2.09808e-05
-2.16961e-05
-2.13385e-05
-8.70228e-06
-7.39098e-06
-2.26498e-06
-3.93391e-06
0
0
0
0
0
0
0
0
0
0
0
0
0
0
0
0
0
0
0
0
0
0
0
0
0
0
0
0
0
0
0
0
0
0
0
0
0
0
0
0
0
0
0
0
0
0
0
0
0
0
0
0
0
0
0
0
0
0
0
0
0
0
0
0
0
0
0
0
0
0
0
0
0
0
0
0
0
0
0
0
0
0
0
0
0
0
0
0
0
0
0
0
0
0
0
0
0
0
0
0
0
0
0
0
0
0
0
0
0
0
0
0
0
0
0
0
0
0
0
0
0
0
0
0
0
0
0
0
0
0
0
0
0
0
0
0
0
0
0
0
0
0
0
0
0
0
0
0
0
0
0
0
0
0
0
0
0
0
0
0
0
0
0
0
0
0
0
0
0
0
0
0
0
0
0
0
0
0
0
0
0
0
0
0
0
0
0
0
0
0
0
0
0
0
0
0
0
0
0
0
0
0
0
0
0
0
0
0
0
0
0
0
0
0
0
0
0
0
0
0
0
0
0
0
0
0
0
0
0
0
0
0
0
0
0
0
0
0
0
0
0
0
0
0
0
0
0
0
0
0
0
0
0
0
0
0
0
0
0
0
0
0
0
0
0
0
0
0
0
0
0
0
0
0
0
0
0
0
0
0
0
0
0
0
0
0
0
0
0
0
0
0
0
0
0
0
0
0
0
0
0
0
0
0
0
0
0
0
0
0
0
0
0
0
0
0
0
0
0
0
0
0
0
0
0
0
0
0
0
0
0
0
0
0
0
0
0
0
0
0
0
0
0
0
0
0
0
0
0
0
0
0
0
0
0
0
0
0
0
0
0
0
0
0
0
0
0
0
0
0
0
0
0
0
0
0
0
0
0
0
0
0
0
0
0
0
0
0
0
0
0
0
0
0
0
0
0
0
0
0
0
0
0
0
0
0
0
0
0
0
0
0
0
0
0
0
0
0
0
0
0
0
0
0
0
0
0
0
0
0
0
0
0
0
0
0
0
0
0
0
0
0
0
0
0
0
0
0
0
0
0
0
0
0
0
0
0
0
0
0
0
0
0
0
0
0
0
0
0
0
0
0
0
0
0
0
0
0
0
0
0
0
0
0
0
0
0
0
0
0
0
0
0
0
0
0
0
0
0
0
0
0
0
0
0
0
0
0
0
0
0
0
0
0
0
0
0
0
0
0
0
0
0
0
0
0
0
0
0
0
0
0
0
0
0
0
0
0
0
0
0
0
0
0
0
0
0
0
0
0
0
0
0
0
0
0
0
0
0
0
0
0
0
0
0
0
0
0
0
0
0
0
0
0
0
0
0
0
0
0
0
0
0
0
0
0
0
0
0
0
0
0
0
0
0
0
0
0
0
0
0
0
0
0
0
0
0
0
0
0
0
0
0
0
0
0
0
0
0
0
0
0
0
0
0
0
0
0
0
0
0
0
0
0
0
0
0
0
0
0
0
0
0
0
0
0
0
0
0
0
0
0
0
0
0
0
0
0
0
0
0
0
0
0
0
0
0
0
0
0
0
0
0
0
0
0
0
0
0
0
0
0
0
0
0
0
0
0
0
0
0
0
0
0
0
0
0
0
0
0
0
0
0
0
0
0
0
0
0
0
0
0
0
0
0
0
0
0
0
0
0
0
0
0
0
0
0
0
0
0
0
0
0
0
0
0
0
0
0
0
0
0
0
0
0
0
0
0
0
0
0
0
0
0
0
0
0
0
0
0
0
0
0
0
0
0
0
0
0
0
0
0
0
0
0
0
0
0
0
0
0
0
0
0
0
0
0
0
0
0
0
0
0
0
0
0
0
0
0
0
0
0
0
0
0
0
0
0
0
0
0
0
0
0
0
0
0
0
0
0
0
0
0
0
0
0
0
0
0
0
0
0
0
0
0
0
0
0
0
0
0
0
0
0
0
0
0
0
0
0
0
0
0
0
0
0
0
0
0
0
0
0
0
0
0
0
0
0
0
0
0
0
0
0
0
0
0
0
0
0
0
0
0
0
0
0
0
0
0
0
0
0
0
0
0
0
0
0
0
0
0
0
0
0
0
0
0
0
0
0
0
0
0
0
0
0
0
0
0
0
0
0
0
0
0
0
0
0
0
0
0
0
0
0
0
0
0
0
0
0
0
0
0
0
0
0
0
0
0
0
0
0
0
0
0
0
0
0
0
0
0
0
0
0
0
0
0
0
0
0
0
0
0
0
0
0
0
0
0
0
0
0
0
0
0
0
0
0
0
0
0
0
0
0
0
0
0
0
0
0
0
0
0
0
0
0
0
0
0
0
0
0
0
0
0
0
0
0
0
0
0
0
0
0
0
0
0
0
0
0
0
0
0
0
0
0
0
0
0
0
0
0
0
0
0
0
0
0
0
0
0
0
0
0
0
0
0
0
0
0
0
0
0
0
0
0
0
0
0
0
0
0
0
0
0
0
0
0
0
0
0
0
0
0
0
0
0
0
0
0
0
0
0
0
0
0
0
0
0
0
0
0
0
0
0
0
0
0
0
0
0
0
0
0
0
0
0
0
0
0
0
0
0
0
0
0
0
0
0
0
0
0
0
0
0
0
0
0
0
0
0
0
0
0
0
0
0
0
0
0
0
0
0
0
0
0
0
0
0
0
0
0
0
0
0
0
0
0
0
0
0
0
0
0
0
0
0
0
0
0
0
0
0
0
0
0
0
0
0
0
0
0
0
0
0
0
0
0
0
0
0
0
0
0
0
0
0
0
0
0
0
0
0
0
0
0
0
0
0
0
0
0
0
0
0
0
0
0
0
0
0
0
0
0
0
0
0
0
0
0
0
0
0
0
0
0
0
0
0
0
0
0
0
0
0
0
0
0
0
0
0
0
0
0
0
0
0
0
0
0
0
0
0
0
0
0
0
0
0
0
0
0
0
0
0
0
0
0
0
0
0
0
0
0
0
0
0
0
0
0
0
0
0
0
0
0
0
0
0
0
0
0
0
0
0
0
0
0
0
0
0
0
0
0
0
0
0
0
0
0
0
0
0
0
0
0
0
0
0
0
0
0
0
0
0
0
0
0
0
0
0
0
0
0
0
0
0
0
0
0
0
0
0
0
0
0
0
0
0
0
0
0
0
0
0
0
0
0
0
0
0
0
0
0
0
0
0
0
0
0
0
0
0
0
0
0
0
0
0
0
0
0
0
0
0
0
0
0
0
0
0
0
0
0
0
0
0
0
0
0
0
0
0
0
0
0
0
0
0
0
0
0
0
0
0
0
0
0
0
0
0
0
0
0
0
0
0
0
0
0
0
0
0
0
0
0
0
0
0
0
0
0
0
0
0
0
0
0
0
0
0
0
0
0
0
0
0
0
0
0
0
0
0
0
0
0
0
0
0
0
0
0
0
0
0
0
0
0
0
0
0
0
0
0
0
0
0
0
0
0
0
0
0
0
0
0
0
0
0
0
0
0
0
0
0
0
0
0
0
0
0
0
0
0
0
0
0
0
0
0
0
0
0
0
0
0
0
0
0
0
0
0
0
0
0
0
0
0
0
0
0
0
0
0
0
0
0
0
0
0
0
0
0
0
0
0
0
0
0
0
0
0
0
0
0
0
0
0
0
0
0
0
0
0
0
0
0
0
0
0
0
0
0
0
0
0
0
0
0
0
0
0
0
0
0
0
0
0
0
0
0
0
0
0
0
0
0
0
0
0
0
0
0
0
0
0
0
0
0
0
0
0
0
0
0
0
0
0
0
0
0
0
0
0
0
0
0
0
0
0
0
0
0
0
0
0
0
0
0
0
0
0
0
0
0
0
0
0
0
0
0
0
0
0
0
0
0
0
0
0
0
0
0
0
0
0
0
0
0
0
0
0
0
0
0
0
0
0
0
0
0
0
0
0
0
0
0
0
0
0
0
0
0
0
0
0
0
0
0
0
0
0
0
0
0
0
0
0
0
0
0
0
0
0
0
0
0
0
0
0
0
0
0
0
0
0
0
0
0
0
0
0
0
0
0
0
0
0
0
0
0
0
0
0
0
0
0
0
0
0
0
0
0
0
0
0
0
0
0
0
0
0
0
0
0
0
0
0
0
0
0
0
0
0
0
0
0
0
0
0
0
0
0
0
0
0
0
0
0
0
0
0
0
0
0
0
0
0
0
0
0
0
0
0
0
0
0
0
0
0
0
0
0
0
0
0
0
0
0
0
0
0
0
0
0
0
0
0
0
0
0
0
0
0
0
0
0
0
0
0
0
0
0
0
0
0
0
0
0
0
0
0
0
0
0
0
0
0
0
0
0
0
0
0
0
0
0
0
0
0
0
0
0
0
0
0
0
0
0
0
0
0
0
0
0
0
0
0
0
0
0
0
0
0
0
0
0
0
0
0
0
0
0
0
0
0
0
0
0
0
0
0
0
0
0
0
0
0
0
0
0
0
0
0
0
0
0
0
0
0
0
0
0
0
0
0
0
0
0
0
0
0
0
0
0
0
0
0
0
0
0
0
0
0
0
0
0
0
0
0
0
0
0
0
0
0
0
0
0
0
0
0
0
0
0
0
0
0
0
0
0
0
0
0
0
0
0
0
0
0
0
0
0
0
0
0
0
0
0
0
0
0
0
0
0
0
0
0
0
0
0
0
0
0
0
0
0
0
0
0
0
0
0
0
0
0
0
0
0
0
0
0
0
0
0
0
0
0
0
0
0
0
0
0
0
0
0
0
0
0
0
0
0
0
0
0
0
0
0
0
0
0
0
0
0
0
0
0
0
0
0
0
0
0
0
0
0
0
0
0
0
0
0
0
0
0
0
0
0
0
0
0
0
0
0
0
0
0
0
0
0
0
0
0
0
0
0
0
0
0
0
0
0
0
0
0
0
0
0
0
0
0
0
0
0
0
0
0
0
0
0
0
0
0
0
0
0
0
0
0
0
0
0
0
0
0
0
0
0
0
0
0
0
0
0
0
0
0
0
0
0
0
0
0
0
0
0
0
0
0
0
0
0
0
0
0
0
0
0
0
0
0
0
0
0
0
0
0
0
0
0
0
0
0
0
0
0
0
0
0
0
0
0
0
0
0
0
0
0
0
0
0
0
0
0
0
0
0
0
0
0
0
0
0
0
0
0
0
0
0
0
0
0
0
0
0
0
0
0
0
0
0
0
0
0
0
0
0
0
0
0
0
0
0
0
0
0
0
0
0
0
0
0
0
0
0
0
0
0
0
0
0
0
0
0
0
0
0
0
0
0
0
0
0
0
0
0
0
0
0
0
0
0
0
0
0
0
0
0
0
0
0
0
0
0
0
0
0
0
0
0
0
0
0
0
0
0
0
0
0
0
0
0
0
0
0
0
0
0
0
0
0
0
0
0
0
0
0
0
0
0
0
0
0
0
0
0
0
0
0
0
0
0
0
0
0
0
0
0
0
0
0
0
0
0
0
0
0
0
0
0
0
0
0
0
0
0
0
0
0
0
0
0
0
0
0
0
0
0
0
0
0
0
0
0
0
0
0
0
0
0
0
0
0
0
0
0
0
0
0
0
0
0
0
0
0
0
0
0
0
0
0
0
0
0
0
0
0
0
0
0
0
0
0
0
0
0
0
0
0
0
0
0
0
0
0
0
0
0
0
0
0
0
0
0
0
0
0
0
0
0
0
0
0
0
0
0
0
0
0
0
0
0
0
0
0
0
0
0
0
0
0
0
0
0
0
0
0
0
0
0
0
0
0
0
0
0
0
0
0
0
0
0
0
0
0
0
0
0
0
0
0
0
0
0
0
0
0
0
0
0
0
0
0
0
0
0
0
0
0
0
0
0
0
0
0
0
0
0
0
0
0
0
0
0
0
0
0
0
0
0
0
0
0
0
0
0
0
0
0
0
0
0
0
0
0
0
0
0
0
0
0
0
0
0
0
0
0
0
0
0
0
0
0
0
0
0
0
0
0
0
0
0
0
0
0
0
0
0
0
0
0
0
0
0
0
0
0
0
0
0
0
0
0
0
0
0
0
0
0
0
0
0
0
0
0
0
0
0
0
0
0
0
0
0
0
0
0
0
0
0
0
0
0
0
0
0
0
0
0
0
0
0
0
0
0
0
0
0
0
0
0
0
0
0
0
0
0
0
0
0
0
0
0
0
0
0
0
0
0
0
0
0
0
0
0
0
0
0
0
0
0
0
0
0
0
0
0
0
0
0
0
0
0
0
0
0
0
0
0
0
0
0
0
0
0
0
0
0
0
0
0
0
0
0
0
0
0
0
0
0
0
0
0
0
0
0
0
0
0
0
0
0
0
0
0
0
0
0
0
0
0
0
0
0
0
0
0
0
0
0
0
0
0
0
0
0
0
0
0
0
0
0
0
0
0
0
0
0
0
0
0
0
0
0
0
0
0
0
0
0
0
0
0
0
0
0
0
0
0
0
0
0
0
0
0
0
0
0
0
0
0
0
0
0
0
0
0
0
0
0
0
0
0
0
0
0
0
0
0
0
0
0
0
0
0
0
0
0
0
0
0
0
0
0
0
0
0
0
0
0
0
0
0
0
0
0
0
0
0
0
0
0
0
0
0
0
0
0
0
0
0
0
0
0
0
0
0
0
0
0
0
0
0
0
0
0
0
0
0
0
0
0
0
0
0
0
0
0
0
0
0
0
0
0
0
0
0
0
0
0
0
0
0
0
0
0
0
0
0
0
0
0
0
0
0
0
0
0
0
0
0
0
0
0
0
0
0
0
0
0
0
0
0
0
0
0
0
0
0
0
0
0
0
0
0
0
0
0
0
0
0
0
0
0
0
0
0
0
0
0
0
0
0
0
0
0
0
0
0
0
0
0
0
0
0
0
0
0
0
0
0
0
0
0
0
0
0
0
0
0
0
0
0
0
0
0
0
0
0
0
0
0
0
0
0
0
0
0
0
0
0
0
0
0
0
0
0
0
0
0
0
0
0
0
0
0
0
0
0
0
0
0
0
0
0
0
0
0
0
0
0
0
0
0
0
0
0
0
0
0
0
0
0
0
0
0
0
0
0
0
0
0
0
0
0
0
0
0
0
0
0
0
0
0
0
0
0
0
0
0
0
0
0
0
0
0
0
0
0
0
0
0
0
0
0
0
0
0
0
0
0
0
0
0
0
0
0
0
0
0
0
0
0
0
0
0
0
0
0
0
0
0
0
0
0
0
0
0
0
0
0
0
0
0
0
0
0
0
0
0
0
0
0
0
0
0
0
0
0
0
0
0
0
0
0
0
0
0
0
0
0
0
0
0
0
0
0
0
0
0
0
0
0
0
0
0
0
0
0
0
0
0
0
0
0
0
0
0
0
0
0
0
0
0
0
0
0
0
0
0
0
0
0
0
0
0
0
0
0
0
0
0
0
0
0
0
0
0
0
0
0
0
0
0
0
0
0
0
0
0
0
0
0
0
0
0
0
0
0
0
0
0
0
0
0
0
0
0
0
0
0
0
0
0
0
0
0
0
0
0
0
0
0
0
0
0
0
0
0
0
0
0
0
0
0
0
0
0
0
0
0
0
0
0
0
0
0
0
0
0
0
0
0
0
0
0
0
0
0
0
0
0
0
0
0
0
0
0
0
0
0
0
0
0
0
0
0
0
0
0
0
0
0
0
0
0
0
0
0
0
0
0
0
0
0
0
0
0
0
0
0
0
0
0
0
0
0
0
0
0
0
0
0
0
0
0
0
0
0
0
0
0
0
0
0
0
0
0
0
0
0
0
0
0
0
0
0
0
0
0
0
0
0
0
0
0
0
0
0
0
0
0
0
0
0
0
0
0
0
0
0
0
0
0
0
0
0
0
0
0
0
0
0
0
0
0
0
0
0
0
0
0
0
0
0
0
0
0
0
0
0
0
0
0
0
0
0
0
0
0
0
0
0
0
0
0
0
0
0
0
0
0
0
0
0
0
0
0
0
0
0
0
0
0
0
0
0
0
0
0
0
0
0
0
0
0
0
0
0
0
0
0
0
0
0
0
0
0
0
0
0
0
0
0
0
0
0
0
0
0
0
0
0
0
0
0
0
0
0
0
0
0
0
0
0
0
0
0
0
0
0
0
0
0
0
0
0
0
0
0
0
0
0
0
0
0
0
0
0
0
0
0
0
0
0
0
0
0
0
0
0
0
0
0
0
0
0
0
0
0
0
0
0
0
0
0
0
0
0
0
0
0
0
0
0
0
0
0
0
0
0
0
0
0
0
0
0
0
0
0
0
0
0
0
0
0
0
0
0
0
0
0
0
0
0
0
0
0
0
0
0
0
0
0
0
0
0
0
0
0
0
0
0
0
0
0
0
0
0
0
0
0
0
0
0
0
0
0
0
0
0
0
0
0
0
0
0
0
0
0
0
0
0
0
0
0
0
0
0
0
0
0
0
0
0
0
0
0
0
0
0
0
0
0
0
0
0
0
0
0
0
0
0
0
0
0
0
0
0
0
0
0
0
0
0
0
0
0
0
0
0
0
0
0
0
0
0
0
0
0
0
0
0
0
0
0
0
0
0
0
0
0
0
0
0
0
0
0
0
0
0
0
0
0
0
0
0
0
0
0
0
0
0
0
0
0
0
0
0
0
0
0
0
0
0
0
0
0
0
)
;

boundaryField
{
    inlet
    {
        type            calculated;
        value           nonuniform List<scalar> 
20
(
-7.42428e-06
-7.42428e-06
-7.42428e-06
-7.42428e-06
-7.42428e-06
-7.42428e-06
-7.42428e-06
-7.42428e-06
-7.42428e-06
-7.42428e-06
-7.42428e-06
-7.42428e-06
-7.42428e-06
-7.42428e-06
-7.42428e-06
-7.42428e-06
-7.42428e-06
-7.42428e-06
-7.42428e-06
-7.42428e-06
)
;
    }
    outlet
    {
        type            calculated;
        value           uniform 0;
    }
    frontAndBack
    {
        type            empty;
    }
    topAndBottom
    {
        type            calculated;
        value           uniform 0;
    }
    defaultFaces
    {
        type            empty;
    }
}


// ************************************************************************* //
