/*--------------------------------*- C++ -*----------------------------------*\
  =========                 |
  \\      /  F ield         | OpenFOAM: The Open Source CFD Toolbox
   \\    /   O peration     | Website:  https://openfoam.org
    \\  /    A nd           | Version:  11
     \\/     M anipulation  |
\*---------------------------------------------------------------------------*/
FoamFile
{
    format      ascii;
    class       surfaceScalarField;
    location    "32";
    object      phi;
}
// * * * * * * * * * * * * * * * * * * * * * * * * * * * * * * * * * * * * * //

dimensions      [0 3 -1 0 0 0 0];

internalField   nonuniform List<scalar> 
5320
(
0
0
0
0
0
0
0
0
0
0
0
0
0
0
0
0
0
0
0
0
0
0
0
0
0
0
0
0
0
0
0
0
0
0
0
0
0
0
0
0
0
0
0
0
0
0
0
0
0
0
0
0
0
0
0
0
0
0
0
0
0
0
0
0
0
0
0
0
0
0
0
0
0
0
0
0
0
0
0
0
0
0
0
0
0
0
0
0
0
0
0
0
0
0
0
0
0
0
0
0
0
0
0
0
0
0
0
0
0
0
0
0
0
0
0
0
0
0
0
0
0
0
0
0
0
0
0
0
0
0
0
0
0
0
0
0
0
0
0
0
0
0
0
0
0
0
0
0
0
0
0
0
0
0
0
0
0
0
0
0
0
0
0
0
0
0
0
0
0
0
0
0
0
0
0
0
0
0
0
0
0
0
0
0
0
0
0
0
0
0
0
0
0
0
0
0
0
0
0
0
0
0
0
0
0
0
0
0
0
0
0
0
0
0
0
0
0
0
0
0
0
0
0
0
0
0
0
0
0
0
0
0
0
0
0
0
0
0
0
0
0
0
0
0
0
0
0
0
0
0
0
0
0
0
0
0
0
0
0
0
0
0
0
0
0
0
0
0
0
0
0
0
0
0
0
0
0
0
0
0
0
0
0
0
0
0
0
0
0
0
0
0
0
0
0
0
0
0
0
0
0
0
0
0
0
0
0
0
0
0
0
0
0
0
0
0
0
0
0
0
0
0
0
0
0
0
0
0
0
0
0
0
0
0
0
0
0
0
0
0
0
0
0
0
0
0
0
0
0
0
0
0
0
0
0
0
0
0
0
0
0
0
0
0
0
0
0
0
0
0
0
0
0
0
0
0
0
0
0
0
0
0
0
0
0
0
0
0
0
0
0
0
0
0
0
0
0
0
0
0
0
0
0
0
0
0
0
0
0
0
0
0
0
0
0
0
0
0
0
0
0
0
0
0
0
0
0
0
0
0
0
0
0
0
0
0
0
0
0
0
0
0
0
0
0
0
0
0
0
0
0
0
0
0
0
0
0
0
0
0
0
0
0
0
0
0
0
0
0
0
0
0
0
0
0
0
0
0
0
0
0
0
0
0
0
0
0
0
0
0
0
0
0
0
0
0
0
0
0
0
0
0
0
0
0
0
0
0
0
0
0
0
0
0
0
0
0
0
0
0
0
0
0
0
0
0
0
0
0
0
0
0
0
0
0
0
0
0
0
0
0
0
0
0
0
0
0
0
0
0
0
0
0
0
0
0
0
0
0
0
0
0
0
0
0
0
0
0
0
0
0
0
0
0
0
0
0
0
0
0
0
0
0
0
0
0
0
0
0
0
0
0
0
0
0
0
0
0
0
0
0
0
0
0
0
0
0
0
0
0
0
0
0
0
0
0
0
0
0
0
0
0
0
0
0
0
0
0
0
0
0
0
0
0
0
0
0
0
0
0
0
0
0
0
0
0
0
0
0
0
0
0
0
0
0
0
0
0
0
0
0
0
0
0
0
0
0
0
0
0
0
0
0
0
0
0
0
0
0
0
0
0
0
0
0
0
0
0
0
0
0
0
0
0
0
0
0
0
0
0
0
0
0
0
0
0
0
0
0
0
0
0
0
0
0
0
0
0
0
0
0
0
0
0
0
0
0
0
0
0
0
0
0
0
0
0
0
0
0
0
0
0
0
0
0
0
0
0
0
0
0
0
0
0
0
0
0
0
0
0
3.09944e-06
7.62939e-06
-6.67572e-06
7.62939e-06
-7.03335e-06
7.62939e-06
-8.9407e-06
7.62939e-06
-1.84774e-05
0
-1.7643e-05
-7.62939e-06
-2.43187e-05
0
-2.76566e-05
7.62939e-06
-2.70605e-05
1.52588e-05
-2.96831e-05
0
-3.50475e-05
1.52588e-05
-2.87294e-05
-1.52588e-05
-2.3365e-05
0
-2.6226e-05
0
-1.62125e-05
0
-4.64916e-06
-1.52588e-05
-1.15633e-05
0
-4.05312e-06
0
-2.26498e-06
0
0
3.09944e-06
0
-8.9306e-06
-1.78878e-05
-6.0503e-06
0
-7.40253e-06
0
-2.39675e-05
-7.69491e-06
-1.40073e-05
-1.63409e-05
-2.8328e-05
0
-3.22901e-05
1.83147e-05
-2.37427e-05
-7.62939e-06
-2.58905e-05
1.52588e-05
-4.40451e-05
0
-2.61353e-05
-3.35666e-05
-1.93496e-05
0
-3.27303e-05
1.42711e-05
-1.87624e-05
0
-4.52995e-06
-1.98032e-05
-1.53347e-05
0
-3.2351e-06
0
-2.38419e-06
5.33582e-05
0
2.86102e-06
1.38573e-05
-8.59974e-06
-3.10899e-05
-6.14457e-06
8.8576e-06
-7.6041e-06
-2.60724e-05
-2.41933e-05
-3.83693e-05
-1.39099e-05
-1.66044e-05
-2.7575e-05
0
-3.41819e-05
0
-2.3466e-05
-7.62939e-06
-2.67293e-05
-3.87251e-05
-4.3362e-05
0
-2.53098e-05
-1.44984e-05
-1.8862e-05
0
-3.2124e-05
2.51044e-05
-1.84115e-05
1.93528e-05
-4.41074e-06
-1.72756e-05
-1.4973e-05
0
-2.74993e-06
2.77272e-05
-2.74181e-06
8.06433e-05
1.52588e-05
2.14577e-06
2.05843e-05
-7.50363e-06
-1.26358e-05
-8.69049e-06
1.15396e-05
-7.4956e-06
0
-2.29238e-05
-1.33894e-05
-1.37193e-05
0
-2.70817e-05
0
-3.2978e-05
8.56706e-06
-2.29257e-05
0
-2.52957e-05
-7.62939e-06
-4.58682e-05
-2.05844e-05
-2.74658e-05
-3.60785e-05
-1.97657e-05
-3.71385e-05
-3.53901e-05
-1.52588e-05
-1.96122e-05
1.21528e-05
-4.17233e-06
-3.52743e-05
-1.4668e-05
0
-2.57214e-06
5.38878e-05
-3.21865e-06
3.98952e-05
3.05176e-05
1.66893e-06
6.04904e-06
-6.89964e-06
-3.81911e-05
-8.4111e-06
1.78074e-05
-7.98046e-06
-8.39896e-06
-2.4117e-05
-5.09001e-05
-1.4018e-05
-3.97729e-05
-2.68558e-05
-7.62939e-06
-3.43314e-05
0
-2.31356e-05
0
-2.56497e-05
1.85859e-05
-4.38257e-05
-2.36186e-05
-2.56088e-05
0
-1.83354e-05
-1.65369e-05
-3.16477e-05
1.45294e-05
-1.95646e-05
3.64834e-05
-4.17233e-06
-1.87687e-05
-1.56085e-05
-4.07672e-05
-2.67661e-06
1.52588e-05
-3.09944e-06
8.96935e-05
3.05176e-05
9.53674e-07
1.90751e-05
-4.87153e-06
0
-1.04298e-05
1.77211e-05
-8.19919e-06
-2.02896e-05
-2.1728e-05
-1.95474e-05
-1.3353e-05
-2.65319e-05
-2.69692e-05
0
-3.48105e-05
-2.87773e-05
-2.27857e-05
1.52588e-05
-2.6631e-05
3.21827e-05
-4.4216e-05
1.16119e-06
-2.7481e-05
-3.64223e-05
-1.82428e-05
-1.24238e-05
-3.34111e-05
-3.12154e-06
-2.08651e-05
1.52588e-05
-4.05312e-06
0
-1.36771e-05
-3.84619e-05
-2.32835e-06
6.02931e-05
-3.69549e-06
3.81845e-05
1.52588e-05
4.76837e-07
7.62939e-06
-5.07348e-06
-2.03473e-05
-1.08371e-05
2.08404e-05
-8.19712e-06
-1.01914e-05
-2.31293e-05
-3.31057e-05
-1.32588e-05
-2.91134e-05
-2.7822e-05
0
-3.24579e-05
-7.62939e-06
-2.19679e-05
2.06552e-05
-2.85626e-05
4.41635e-05
-4.40318e-05
-4.00273e-05
-2.65353e-05
0
-1.8287e-05
-3.56412e-05
-3.17394e-05
1.20635e-05
-2.07245e-05
3.93691e-05
-4.41074e-06
0
-1.39548e-05
-1.24611e-05
-2.37341e-06
1.52588e-05
-3.69549e-06
1.52588e-05
0
0
6.42076e-06
-2.86721e-06
0
-1.1745e-05
1.1783e-05
-8.38979e-06
8.53525e-06
-2.16757e-05
-1.83694e-05
-1.28245e-05
0
-2.92397e-05
-1.01887e-05
-3.35162e-05
-3.04967e-05
-2.19055e-05
7.62939e-06
-3.36229e-05
5.09612e-05
-4.33728e-05
-4.02529e-05
-2.88338e-05
0
-1.78792e-05
-3.51122e-05
-3.20062e-05
3.05176e-05
-2.15289e-05
5.35105e-05
-4.59539e-06
1.52588e-05
-1.27466e-05
-1.55784e-05
-2.31388e-06
0
-3.69549e-06
4.08304e-05
1.52588e-05
0
0
-2.65893e-06
-1.01637e-05
-1.18652e-05
-7.62939e-06
-8.9551e-06
1.20042e-05
-2.13725e-05
0
-1.3169e-05
0
-2.94543e-05
-1.18412e-05
-3.22627e-05
-4.03806e-05
-2.08817e-05
0
-3.85972e-05
3.75238e-05
-4.35036e-05
-2.94225e-05
-3.27192e-05
-4.23046e-05
-1.72164e-05
-4.08295e-05
-3.24444e-05
1.21718e-05
-2.29642e-05
3.88765e-05
-4.49182e-06
0
-1.25965e-05
0
-2.16029e-06
0
-3.93391e-06
5.83402e-05
3.05176e-05
-4.76837e-07
-1.77758e-05
-2.67259e-06
-1.92933e-05
-1.14271e-05
0
-9.2604e-06
-1.52588e-05
-2.12575e-05
1.73239e-05
-1.3288e-05
1.04421e-05
-2.95819e-05
-2.7101e-05
-3.02272e-05
-2.10081e-05
-1.99007e-05
2.76107e-05
-4.05361e-05
7.70978e-05
-4.01255e-05
-3.97673e-05
-2.87249e-05
1.75641e-05
-1.648e-05
0
-3.16394e-05
0
-2.24518e-05
5.21278e-05
-4.40406e-06
3.31863e-05
-1.29835e-05
-2.00723e-05
-2.19017e-06
0
-4.29153e-06
1.22539e-05
1.52588e-05
-7.15256e-07
0
-2.64605e-06
-2.19785e-05
-1.16617e-05
-2.68385e-05
-8.87543e-06
0
-2.19636e-05
0
-1.35034e-05
0
-2.95283e-05
0
-3.06466e-05
-2.83409e-05
-2.0173e-05
1.65392e-05
-4.55046e-05
2.52431e-05
-4.08809e-05
-2.32302e-05
-3.26298e-05
0
-1.65861e-05
-1.52588e-05
-2.9817e-05
2.4247e-05
-2.32254e-05
2.71822e-05
-4.54906e-06
3.88867e-05
-1.26331e-05
-1.14361e-05
-2.1814e-06
0
-4.05312e-06
4.01423e-05
1.52588e-05
-7.80669e-07
-7.62939e-06
-2.41553e-06
0
-1.09729e-05
0
-8.80369e-06
6.07881e-06
-2.15306e-05
0
-1.36341e-05
0
-3.02179e-05
-1.01135e-05
-2.94619e-05
0
-1.96461e-05
0
-4.4372e-05
1.31504e-05
-3.79737e-05
-9.86686e-06
-3.14349e-05
1.98905e-05
-1.64538e-05
1.56043e-05
-3.06266e-05
0
-2.36775e-05
7.62258e-05
-4.73429e-06
1.47065e-05
-1.31461e-05
-6.39597e-05
-2.14577e-06
-1.99156e-05
-4.29153e-06
3.87092e-05
0
-5.50016e-07
1.52588e-05
-2.47758e-06
-2.80958e-05
-1.0668e-05
1.52588e-05
-8.99789e-06
7.62939e-06
-2.18714e-05
-7.62939e-06
-1.37728e-05
-1.01514e-05
-3.02641e-05
-7.62939e-06
-2.97843e-05
-9.74133e-06
-1.91257e-05
1.00359e-05
-4.44387e-05
1.97397e-05
-3.77191e-05
3.89768e-05
-3.32769e-05
0
-1.66637e-05
1.52588e-05
-3.05043e-05
-2.00346e-05
-2.40969e-05
5.83429e-05
-4.67721e-06
3.86511e-05
-1.10976e-05
-5.42841e-05
-1.78814e-06
1.99133e-05
-4.52995e-06
0
1.52588e-05
-9.54229e-07
0
-1.97156e-06
-2.03506e-05
-1.08565e-05
0
-9.22172e-06
2.84159e-05
-2.14201e-05
-1.52588e-05
-1.38462e-05
-7.62939e-06
-3.07025e-05
-2.08758e-05
-2.9405e-05
-5.37913e-06
-1.96181e-05
0
-4.71966e-05
-1.91712e-05
-3.88182e-05
1.89926e-05
-3.28768e-05
3.50059e-05
-1.68379e-05
-1.62759e-05
-2.70187e-05
0
-2.53149e-05
7.75002e-05
-5.19541e-06
1.52588e-05
-1.11898e-05
-2.49405e-05
-1.90735e-06
1.38426e-05
-4.29153e-06
2.03059e-05
0
-1.86947e-06
-2.03301e-05
-1.92174e-06
-7.62939e-06
-1.03303e-05
0
-1.02603e-05
0
-2.20673e-05
-2.27275e-05
-1.4062e-05
-3.0194e-05
-2.9367e-05
-7.94999e-06
-2.80717e-05
0
-1.90914e-05
0
-4.52841e-05
-1.52588e-05
-4.11093e-05
1.52588e-05
-3.38323e-05
-1.72978e-05
-1.63225e-05
0
-2.7105e-05
1.44261e-05
-2.62569e-05
5.0087e-05
-5.85324e-06
1.86678e-05
-1.057e-05
-2.65698e-05
-1.90735e-06
0
-4.41074e-06
-1.52588e-05
1.52588e-05
-1.35226e-06
-1.0132e-05
-2.14577e-06
-1.55922e-05
-1.04464e-05
-1.02327e-05
-1.05549e-05
-5.84679e-06
-2.07051e-05
-2.43729e-05
-1.36222e-05
-1.52588e-05
-2.99306e-05
-1.68761e-05
-2.9045e-05
-1.70042e-05
-1.94463e-05
-6.24616e-06
-4.36354e-05
-1.52588e-05
-3.8063e-05
3.54936e-05
-3.22957e-05
1.83199e-05
-1.67446e-05
1.86782e-05
-2.69751e-05
-5.10662e-06
-2.68144e-05
4.82809e-05
-6.23931e-06
0
-9.98553e-06
-1.22786e-05
-1.90735e-06
1.99526e-05
-4.29153e-06
-1.29881e-05
0
-1.87324e-06
-5.81562e-06
-1.69405e-06
-6.49328e-06
-1.03229e-05
-5.67691e-06
-1.08927e-05
-2.16291e-05
-2.06258e-05
0
-1.39073e-05
-1.56976e-05
-2.94362e-05
-1.19111e-05
-2.84422e-05
0
-1.93899e-05
7.62939e-06
-4.37792e-05
1.52588e-05
-4.16165e-05
1.52021e-05
-3.3941e-05
-1.52588e-05
-1.68305e-05
0
-2.44176e-05
0
-2.66362e-05
3.05176e-05
-6.30588e-06
3.53039e-05
-1.03145e-05
-2.36212e-05
-1.89408e-06
0
-4.17233e-06
-3.796e-05
0
-2.12657e-06
-7.62939e-06
-1.90735e-06
-2.79792e-05
-1.0568e-05
-1.50645e-05
-1.00898e-05
0
-2.12092e-05
0
-1.36419e-05
0
-2.91024e-05
-1.52588e-05
-2.80382e-05
7.62939e-06
-1.90866e-05
0
-4.16928e-05
4.46349e-05
-4.01776e-05
4.74173e-06
-3.18395e-05
-1.52588e-05
-1.6958e-05
0
-2.34389e-05
-3.13792e-06
-2.77632e-05
3.05655e-06
-6.81026e-06
0
-9.45097e-06
-3.26815e-05
-1.86884e-06
-3.52263e-06
-3.69549e-06
0
1.52588e-05
-2.26648e-06
-1.52588e-05
-1.42743e-06
0
-1.00308e-05
-7.62939e-06
-1.02257e-05
0
-2.13105e-05
-1.52588e-05
-1.39499e-05
0
-2.88866e-05
0
-2.92752e-05
7.62939e-06
-1.96669e-05
0
-4.67666e-05
0
-4.16657e-05
1.52588e-05
-3.13594e-05
0
-1.67958e-05
0
-2.19541e-05
1.52588e-05
-2.71022e-05
0
-6.55483e-06
0
-9.13497e-06
0
-1.79161e-06
0
-3.69549e-06
1.52588e-05
1.52588e-05
-1.43051e-06
-2.14577e-06
-7.98702e-06
-1.21593e-05
-1.71661e-05
-1.72853e-05
-2.39611e-05
-2.57492e-05
-2.37226e-05
-3.57628e-05
-3.54052e-05
-2.83718e-05
-2.11e-05
-2.16961e-05
-2.14577e-05
-8.58307e-06
-7.27177e-06
-2.14577e-06
-3.8147e-06
0
0
0
0
0
0
0
0
0
0
0
0
0
0
0
0
0
0
0
0
0
0
0
0
0
0
0
0
0
0
0
0
0
0
0
0
0
0
0
0
0
0
0
0
0
0
0
0
0
0
0
0
0
0
0
0
0
0
0
0
0
0
0
0
0
0
0
0
0
0
0
0
0
0
0
0
0
0
0
0
0
0
0
0
0
0
0
0
0
0
0
0
0
0
0
0
0
0
0
0
0
0
0
0
0
0
0
0
0
0
0
0
0
0
0
0
0
0
0
0
0
0
0
0
0
0
0
0
0
0
0
0
0
0
0
0
0
0
0
0
0
0
0
0
0
0
0
0
0
0
0
0
0
0
0
0
0
0
0
0
0
0
0
0
0
0
0
0
0
0
0
0
0
0
0
0
0
0
0
0
0
0
0
0
0
0
0
0
0
0
0
0
0
0
0
0
0
0
0
0
0
0
0
0
0
0
0
0
0
0
0
0
0
0
0
0
0
0
0
0
0
0
0
0
0
0
0
0
0
0
0
0
0
0
0
0
0
0
0
0
0
0
0
0
0
0
0
0
0
0
0
0
0
0
0
0
0
0
0
0
0
0
0
0
0
0
0
0
0
0
0
0
0
0
0
0
0
0
0
0
0
0
0
0
0
0
0
0
0
0
0
0
0
0
0
0
0
0
0
0
0
0
0
0
0
0
0
0
0
0
0
0
0
0
0
0
0
0
0
0
0
0
0
0
0
0
0
0
0
0
0
0
0
0
0
0
0
0
0
0
0
0
0
0
0
0
0
0
0
0
0
0
0
0
0
0
0
0
0
0
0
0
0
0
0
0
0
0
0
0
0
0
0
0
0
0
0
0
0
0
0
0
0
0
0
0
0
0
0
0
0
0
0
0
0
0
0
0
0
0
0
0
0
0
0
0
0
0
0
0
0
0
0
0
0
0
0
0
0
0
0
0
0
0
0
0
0
0
0
0
0
0
0
0
0
0
0
0
0
0
0
0
0
0
0
0
0
0
0
0
0
0
0
0
0
0
0
0
0
0
0
0
0
0
0
0
0
0
0
0
0
0
0
0
0
0
0
0
0
0
0
0
0
0
0
0
0
0
0
0
0
0
0
0
0
0
0
0
0
0
0
0
0
0
0
0
0
0
0
0
0
0
0
0
0
0
0
0
0
0
0
0
0
0
0
0
0
0
0
0
0
0
0
0
0
0
0
0
0
0
0
0
0
0
0
0
0
0
0
0
0
0
0
0
0
0
0
0
0
0
0
0
0
0
0
0
0
0
0
0
0
0
0
0
0
0
0
0
0
0
0
0
0
0
0
0
0
0
0
0
0
0
0
0
0
0
0
0
0
0
0
0
0
0
0
0
0
0
0
0
0
0
0
0
0
0
0
0
0
0
0
0
0
0
0
0
0
0
0
0
0
0
0
0
0
0
0
0
0
0
0
0
0
0
0
0
0
0
0
0
0
0
0
0
0
0
0
0
0
0
0
0
0
0
0
0
0
0
0
0
0
0
0
0
0
0
0
0
0
0
0
0
0
0
0
0
0
0
0
0
0
0
0
0
0
0
0
0
0
0
0
0
0
0
0
0
0
0
0
0
0
0
0
0
0
0
0
0
0
0
0
0
0
0
0
0
0
0
0
0
0
0
0
0
0
0
0
0
0
0
0
0
0
0
0
0
0
0
0
0
0
0
0
0
0
0
0
0
0
0
0
0
0
0
0
0
0
0
0
0
0
0
0
0
0
0
0
0
0
0
0
0
0
0
0
0
0
0
0
0
0
0
0
0
0
0
0
0
0
0
0
0
0
0
0
0
0
0
0
0
0
0
0
0
0
0
0
0
0
0
0
0
0
0
0
0
0
0
0
0
0
0
0
0
0
0
0
0
0
0
0
0
0
0
0
0
0
0
0
0
0
0
0
0
0
0
0
0
0
0
0
0
0
0
0
0
0
0
0
0
0
0
0
0
0
0
0
0
0
0
0
0
0
0
0
0
0
0
0
0
0
0
0
0
0
0
0
0
0
0
0
0
0
0
0
0
0
0
0
0
0
0
0
0
0
0
0
0
0
0
0
0
0
0
0
0
0
0
0
0
0
0
0
0
0
0
0
0
0
0
0
0
0
0
0
0
0
0
0
0
0
0
0
0
0
0
0
0
0
0
0
0
0
0
0
0
0
0
0
0
0
0
0
0
0
0
0
0
0
0
0
0
0
0
0
0
0
0
0
0
0
0
0
0
0
0
0
0
0
0
0
0
0
0
0
0
0
0
0
0
0
0
0
0
0
0
0
0
0
0
0
0
0
0
0
0
0
0
0
0
0
0
0
0
0
0
0
0
0
0
0
0
0
0
0
0
0
0
0
0
0
0
0
0
0
0
0
0
0
0
0
0
0
0
0
0
0
0
0
0
0
0
0
0
0
0
0
0
0
0
0
0
0
0
0
0
0
0
0
0
0
0
0
0
0
0
0
0
0
0
0
0
0
0
0
0
0
0
0
0
0
0
0
0
0
0
0
0
0
0
0
0
0
0
0
0
0
0
0
0
0
0
0
0
0
0
0
0
0
0
0
0
0
0
0
0
0
0
0
0
0
0
0
0
0
0
0
0
0
0
0
0
0
0
0
0
0
0
0
0
0
0
0
0
0
0
0
0
0
0
0
0
0
0
0
0
0
0
0
0
0
0
0
0
0
0
0
0
0
0
0
0
0
0
0
0
0
0
0
0
0
0
0
0
0
0
0
0
0
0
0
0
0
0
0
0
0
0
0
0
0
0
0
0
0
0
0
0
0
0
0
0
0
0
0
0
0
0
0
0
0
0
0
0
0
0
0
0
0
0
0
0
0
0
0
0
0
0
0
0
0
0
0
0
0
0
0
0
0
0
0
0
0
0
0
0
0
0
0
0
0
0
0
0
0
0
0
0
0
0
0
0
0
0
0
0
0
0
0
0
0
0
0
0
0
0
0
0
0
0
0
0
0
0
0
0
0
0
0
0
0
0
0
0
0
0
0
0
0
0
0
0
0
0
0
0
0
0
0
0
0
0
0
0
0
0
0
0
0
0
0
0
0
0
0
0
0
0
0
0
0
0
0
0
0
0
0
0
0
0
0
0
0
0
0
0
0
0
0
0
0
0
0
0
0
0
0
0
0
0
0
0
0
0
0
0
0
0
0
0
0
0
0
0
0
0
0
0
0
0
0
0
0
0
0
0
0
0
0
0
0
0
0
0
0
0
0
0
0
0
0
0
0
0
0
0
0
0
0
0
0
0
0
0
0
0
0
0
0
0
0
0
0
0
0
0
0
0
0
0
0
0
0
0
0
0
0
0
0
0
0
0
0
0
0
0
0
0
0
0
0
0
0
0
0
0
0
0
0
0
0
0
0
0
0
0
0
0
0
0
0
0
0
0
0
0
0
0
0
0
0
0
0
0
0
0
0
0
0
0
0
0
0
0
0
0
0
0
0
0
0
0
0
0
0
0
0
0
0
0
0
0
0
0
0
0
0
0
0
0
0
0
0
0
0
0
0
0
0
0
0
0
0
0
0
0
0
0
0
0
0
0
0
0
0
0
0
0
0
0
0
0
0
0
0
0
0
0
0
0
0
0
0
0
0
0
0
0
0
0
0
0
0
0
0
0
0
0
0
0
0
0
0
0
0
0
0
0
0
0
0
0
0
0
0
0
0
0
0
0
0
0
0
0
0
0
0
0
0
0
0
0
0
0
0
0
0
0
0
0
0
0
0
0
0
0
0
0
0
0
0
0
0
0
0
0
0
0
0
0
0
0
0
0
0
0
0
0
0
0
0
0
0
0
0
0
0
0
0
0
0
0
0
0
0
0
0
0
0
0
0
0
0
0
0
0
0
0
0
0
0
0
0
0
0
0
0
0
0
0
0
0
0
0
0
0
0
0
0
0
0
0
0
0
0
0
0
0
0
0
0
0
0
0
0
0
0
0
0
0
0
0
0
0
0
0
0
0
0
0
0
0
0
0
0
0
0
0
0
0
0
0
0
0
0
0
0
0
0
0
0
0
0
0
0
0
0
0
0
0
0
0
0
0
0
0
0
0
0
0
0
0
0
0
0
0
0
0
0
0
0
0
0
0
0
0
0
0
0
0
0
0
0
0
0
0
0
0
0
0
0
0
0
0
0
0
0
0
0
0
0
0
0
0
0
0
0
0
0
0
0
0
0
0
0
0
0
0
0
0
0
0
0
0
0
0
0
0
0
0
0
0
0
0
0
0
0
0
0
0
0
0
0
0
0
0
0
0
0
0
0
0
0
0
0
0
0
0
0
0
0
0
0
0
0
0
0
0
0
0
0
0
0
0
0
0
0
0
0
0
0
0
0
0
0
0
0
0
0
0
0
0
0
0
0
0
0
0
0
0
0
0
0
0
0
0
0
0
0
0
0
0
0
0
0
0
0
0
0
0
0
0
0
0
0
0
0
0
0
0
0
0
0
0
0
0
0
0
0
0
0
0
0
0
0
0
0
0
0
0
0
0
0
0
0
0
0
0
0
0
0
0
0
0
0
0
0
0
0
0
0
0
0
0
0
0
0
0
0
0
0
0
0
0
0
0
0
0
0
0
0
0
0
0
0
0
0
0
0
0
0
0
0
0
0
0
0
0
0
0
0
0
0
0
0
0
0
0
0
0
0
0
0
0
0
0
0
0
0
0
0
0
0
0
0
0
0
0
0
0
0
0
0
0
0
0
0
0
0
0
0
0
0
0
0
0
0
0
0
0
0
0
0
0
0
0
0
0
0
0
0
0
0
0
0
0
0
0
0
0
0
0
0
0
0
0
0
0
0
0
0
0
0
0
0
0
0
0
0
0
0
0
0
0
0
0
0
0
0
0
0
0
0
0
0
0
0
0
0
0
0
0
0
0
0
0
0
0
0
0
0
0
0
0
0
0
0
0
0
0
0
0
0
0
0
0
0
0
0
0
0
0
0
0
0
0
0
0
0
0
0
0
0
0
0
0
0
0
0
0
0
0
0
0
0
0
0
0
0
0
0
0
0
0
0
0
0
0
0
0
0
0
0
0
0
0
0
0
0
0
0
0
0
0
0
0
0
0
0
0
0
0
0
0
0
0
0
0
0
0
0
0
0
0
0
0
0
0
0
0
0
0
0
0
0
0
0
0
0
0
0
0
0
0
0
0
0
0
0
0
0
0
0
0
0
0
0
0
0
0
0
0
0
0
0
0
0
0
0
0
0
0
0
0
0
0
0
0
0
0
0
0
0
0
0
0
0
0
0
0
0
0
0
0
0
0
0
0
0
0
0
0
0
0
0
0
0
0
0
0
0
0
0
0
0
0
0
0
0
0
0
0
0
0
0
0
0
0
0
0
0
0
0
0
0
0
0
0
0
0
0
0
0
0
0
0
0
0
0
0
0
0
0
0
0
0
0
0
0
0
0
0
0
0
0
0
0
0
0
0
0
0
0
0
0
0
0
0
0
0
0
0
0
0
0
0
0
0
0
0
0
0
0
0
0
0
0
0
0
0
0
0
0
0
0
0
0
0
0
0
0
0
0
0
0
0
0
0
0
0
0
0
0
0
0
0
0
0
0
0
0
0
0
0
0
0
0
0
0
0
0
0
0
0
0
0
0
0
0
0
0
0
0
0
0
0
0
0
0
0
0
0
0
0
0
0
0
0
0
0
0
0
0
0
0
0
0
0
0
0
0
0
0
0
0
0
0
0
0
0
0
0
0
0
0
0
0
0
0
0
0
0
0
0
0
0
0
0
0
0
0
0
0
0
0
0
0
0
0
0
0
0
0
0
0
0
0
0
0
0
0
0
0
0
0
0
0
0
0
0
0
0
0
0
0
0
0
0
0
0
0
0
0
0
0
0
0
0
0
0
0
0
0
0
0
0
0
0
0
0
0
0
0
0
0
0
0
0
0
0
0
0
0
0
0
0
0
0
0
0
0
0
0
0
0
0
0
0
0
0
0
0
0
0
0
0
0
0
0
0
0
0
0
0
0
0
0
0
0
0
0
0
0
0
0
0
0
0
0
0
0
0
0
0
0
0
0
0
0
0
0
0
0
0
0
0
0
0
0
0
0
0
0
0
0
0
0
0
0
0
0
0
0
0
0
0
0
0
0
0
0
0
0
0
0
0
0
0
0
0
0
0
0
0
0
0
0
0
0
0
0
0
0
0
0
0
0
0
0
0
0
0
0
0
0
0
0
0
0
0
0
0
0
0
0
0
0
0
0
0
0
0
0
0
0
0
0
0
0
0
0
0
0
0
0
0
0
0
0
0
0
0
0
0
0
0
0
0
0
0
0
0
0
0
0
0
0
0
0
0
0
0
0
0
0
0
0
0
0
0
0
0
0
0
0
0
0
0
0
0
0
0
0
0
0
0
0
0
0
0
0
0
0
0
0
0
0
0
0
0
0
0
0
0
0
0
0
0
0
0
0
0
0
0
0
0
0
0
0
0
0
0
0
0
0
0
0
0
0
0
0
0
0
0
0
0
0
0
0
0
0
0
0
0
0
0
0
0
0
0
0
0
0
0
0
0
0
0
0
0
0
0
0
0
0
0
0
0
0
0
0
0
0
0
0
0
0
0
0
0
0
0
0
0
0
0
0
0
0
0
0
0
0
0
0
0
0
0
0
0
0
0
0
0
0
0
0
0
0
0
0
0
0
0
0
0
0
0
0
0
0
0
0
0
0
0
0
0
0
0
0
0
0
0
0
0
0
0
0
0
0
0
0
0
0
0
0
0
0
0
0
0
0
0
0
0
0
0
0
0
0
0
0
0
0
0
0
0
0
0
0
0
0
0
0
0
0
0
0
0
0
0
0
0
0
0
0
0
0
0
0
0
0
0
0
0
0
0
0
0
0
0
0
0
0
0
0
0
0
0
0
0
0
0
0
0
0
0
0
0
0
0
0
0
0
0
0
0
0
0
0
0
0
0
0
0
0
0
0
0
0
0
0
0
0
0
0
0
0
0
0
0
0
0
0
0
0
0
0
0
0
0
0
0
0
0
0
0
0
0
0
0
0
0
0
0
0
0
0
0
0
0
0
0
0
0
0
0
0
0
0
0
0
0
0
0
0
0
0
0
0
0
0
0
0
0
0
0
0
0
0
0
0
0
0
0
0
0
0
0
0
0
0
0
0
0
0
0
0
0
0
0
0
0
0
0
0
0
0
0
0
0
0
0
0
0
0
0
0
0
0
0
0
0
0
0
0
0
0
0
0
0
0
0
0
0
0
0
0
0
0
0
0
0
0
0
0
0
0
0
0
0
0
0
0
0
0
0
0
0
0
0
0
0
0
0
0
0
0
0
0
0
0
0
0
0
0
0
0
0
0
0
0
0
0
0
0
0
0
0
0
0
0
0
0
0
0
0
0
0
0
0
0
0
0
0
0
0
0
0
0
0
0
0
0
0
0
0
0
0
0
0
0
0
0
0
0
0
0
0
0
0
0
0
0
0
0
0
0
0
0
0
0
0
0
0
0
0
0
0
0
0
0
0
0
0
0
0
0
0
0
0
0
0
0
0
0
0
0
0
0
0
0
0
0
0
0
0
0
0
0
0
0
0
0
0
0
0
0
0
0
0
0
0
0
0
0
0
0
0
0
0
0
0
0
0
0
0
0
0
0
0
0
0
0
0
0
0
0
0
0
0
0
0
0
0
0
0
0
0
0
0
0
0
0
0
0
0
0
0
0
0
0
0
0
0
0
0
0
0
0
0
0
0
0
0
0
0
0
0
0
0
0
0
0
0
0
0
0
0
0
0
0
0
0
0
0
0
0
0
0
0
0
0
0
0
0
0
0
0
0
0
0
0
0
0
0
0
0
0
0
0
0
0
0
0
0
0
0
0
0
0
0
0
0
0
0
0
0
0
0
0
0
0
0
0
0
0
0
0
0
0
0
0
0
0
0
0
0
0
0
0
0
0
0
0
0
0
0
0
0
0
0
0
0
0
0
0
0
0
0
0
0
0
0
0
0
0
0
0
0
0
0
0
0
0
0
0
0
0
0
0
0
0
0
0
0
0
0
0
0
0
0
0
0
0
0
0
0
0
0
0
0
0
0
0
0
0
0
0
0
0
0
0
0
0
0
0
0
0
0
0
0
0
0
0
0
0
0
0
0
0
0
0
0
0
0
0
0
0
0
0
0
0
0
0
0
0
0
0
0
0
0
0
0
0
0
0
0
0
0
0
0
0
0
0
0
0
0
0
0
0
0
0
0
0
0
0
0
0
0
0
0
0
0
0
0
0
0
0
0
0
0
0
0
0
0
0
0
0
0
0
0
0
0
0
0
0
0
0
0
0
0
0
0
0
0
0
0
0
0
0
0
0
0
0
0
0
0
0
0
0
0
0
0
0
0
0
0
0
0
0
0
0
0
0
0
0
0
0
0
0
0
0
0
0
0
0
0
0
0
0
0
0
0
0
0
0
0
0
0
0
0
0
0
0
0
0
0
0
0
0
0
0
0
0
0
0
0
0
0
0
0
0
0
0
0
0
0
0
0
0
0
0
0
0
0
0
0
0
0
0
0
0
0
0
0
0
0
0
)
;

boundaryField
{
    inlet
    {
        type            calculated;
        value           nonuniform List<scalar> 
20
(
-7.42428e-06
-7.42428e-06
-7.42428e-06
-7.42428e-06
-7.42428e-06
-7.42428e-06
-7.42428e-06
-7.42428e-06
-7.42428e-06
-7.42428e-06
-7.42428e-06
-7.42428e-06
-7.42428e-06
-7.42428e-06
-7.42428e-06
-7.42428e-06
-7.42428e-06
-7.42428e-06
-7.42428e-06
-7.42428e-06
)
;
    }
    outlet
    {
        type            calculated;
        value           uniform 0;
    }
    frontAndBack
    {
        type            empty;
    }
    topAndBottom
    {
        type            calculated;
        value           uniform 0;
    }
    defaultFaces
    {
        type            empty;
    }
}


// ************************************************************************* //
