/*--------------------------------*- C++ -*----------------------------------*\
  =========                 |
  \\      /  F ield         | OpenFOAM: The Open Source CFD Toolbox
   \\    /   O peration     | Website:  https://openfoam.org
    \\  /    A nd           | Version:  11
     \\/     M anipulation  |
\*---------------------------------------------------------------------------*/
FoamFile
{
    format      ascii;
    class       surfaceScalarField;
    location    "34";
    object      phi;
}
// * * * * * * * * * * * * * * * * * * * * * * * * * * * * * * * * * * * * * //

dimensions      [0 3 -1 0 0 0 0];

internalField   nonuniform List<scalar> 
5320
(
0
0
0
0
0
0
0
0
0
0
0
0
0
0
0
0
0
0
0
0
0
0
0
0
0
0
0
0
0
0
0
0
0
0
0
0
0
0
0
0
0
0
0
0
0
0
0
0
0
0
0
0
0
0
0
0
0
0
0
0
0
0
0
0
0
0
0
0
0
0
0
0
0
0
0
0
0
0
0
0
0
0
0
0
0
0
0
0
0
0
0
0
0
0
0
0
0
0
0
0
0
0
0
0
0
0
0
0
0
0
0
0
0
0
0
0
0
0
0
0
0
0
0
0
0
0
0
0
0
0
0
0
0
0
0
0
0
0
0
0
0
0
0
0
0
0
0
0
0
0
0
0
0
0
0
0
0
0
0
0
0
0
0
0
0
0
0
0
0
0
0
0
0
0
0
0
0
0
0
0
0
0
0
0
0
0
0
0
0
0
0
0
0
0
0
0
0
0
0
0
0
0
0
0
0
0
0
0
0
0
0
0
0
0
0
0
0
0
0
0
0
0
0
0
0
0
0
0
0
0
0
0
0
0
0
0
0
0
0
0
0
0
0
0
0
0
0
0
0
0
0
0
0
0
0
0
0
0
0
0
0
0
0
0
0
0
0
0
0
0
0
0
0
0
0
0
0
0
0
0
0
0
0
0
0
0
0
0
0
0
0
0
0
0
0
0
0
0
0
0
0
0
0
0
0
0
0
0
0
0
0
0
0
0
0
0
0
0
0
0
0
0
0
0
0
0
0
0
0
0
0
0
0
0
0
0
0
0
0
0
0
0
0
0
0
0
0
0
0
0
0
0
0
0
0
0
0
0
0
0
0
0
0
0
0
0
0
0
0
0
0
0
0
0
0
0
0
0
0
0
0
0
0
0
0
0
0
0
0
0
0
0
0
0
0
0
0
0
0
0
0
0
0
0
0
0
0
0
0
0
0
0
0
0
0
0
0
0
0
0
0
0
0
0
0
0
0
0
0
0
0
0
0
0
0
0
0
0
0
0
0
0
0
0
0
0
0
0
0
0
0
0
0
0
0
0
0
0
0
0
0
0
0
0
0
0
0
0
0
0
0
0
0
0
0
0
0
0
0
0
0
0
0
0
0
0
0
0
0
0
0
0
0
0
0
0
0
0
0
0
0
0
0
0
0
0
0
0
0
0
0
0
0
0
0
0
0
0
0
0
0
0
0
0
0
0
0
0
0
0
0
0
0
0
0
0
0
0
0
0
0
0
0
0
0
0
0
0
0
0
0
0
0
0
0
0
0
0
0
0
0
0
0
0
0
0
0
0
0
0
0
0
0
0
0
0
0
0
0
0
0
0
0
0
0
0
0
0
0
0
0
0
0
0
0
0
0
0
0
0
0
0
0
0
0
0
0
0
0
0
0
0
0
0
0
0
0
0
0
0
0
0
0
0
0
0
0
0
0
0
0
0
0
0
0
0
0
0
0
0
0
0
0
0
0
0
0
0
0
0
0
0
0
0
0
0
0
0
0
0
0
0
0
0
0
0
0
0
0
0
0
0
0
0
0
0
0
0
0
0
0
0
0
0
0
0
0
0
0
0
0
0
0
0
0
0
0
0
0
0
0
0
0
0
0
0
0
0
0
0
0
0
0
0
0
0
0
0
0
0
0
0
0
0
0
0
0
0
0
0
0
0
0
0
0
0
0
0
0
0
0
0
0
0
0
0
0
0
0
0
0
0
0
0
0
0
0
0
0
0
2.86102e-06
7.62939e-06
-6.67572e-06
7.62939e-06
-7.15256e-06
7.62939e-06
-8.9407e-06
1.52588e-05
-1.84774e-05
0
-1.7643e-05
-7.62939e-06
-2.44379e-05
0
-2.76566e-05
7.62939e-06
-2.71797e-05
7.62939e-06
-2.94447e-05
1.52588e-05
-3.50475e-05
1.52588e-05
-2.90871e-05
-1.52588e-05
-2.34842e-05
1.52588e-05
-2.6226e-05
0
-1.62125e-05
0
-4.64916e-06
-1.52588e-05
-1.16825e-05
0
-4.17233e-06
0
-2.26498e-06
1.52588e-05
0
3.09944e-06
0
-8.93979e-06
-1.14007e-05
-6.05739e-06
0
-7.31762e-06
0
-2.41163e-05
-1.44391e-05
-1.41252e-05
-8.76049e-06
-2.83376e-05
0
-3.23745e-05
1.35463e-05
-2.35253e-05
-7.62939e-06
-2.58643e-05
1.54328e-05
-4.45029e-05
0
-2.58633e-05
-1.86988e-05
-1.91883e-05
-1.52588e-05
-3.2721e-05
1.39856e-05
-1.87665e-05
0
-4.52995e-06
-4.56109e-06
-1.53369e-05
0
-3.12441e-06
0
-2.38419e-06
4.70717e-05
0
2.86102e-06
1.02202e-05
-8.58864e-06
-3.06688e-05
-6.18321e-06
8.8605e-06
-7.57571e-06
-1.84199e-05
-2.43258e-05
-4.01736e-05
-1.39095e-05
-1.67574e-05
-2.74894e-05
0
-3.39734e-05
0
-2.35819e-05
-7.62939e-06
-2.69744e-05
-3.90012e-05
-4.33041e-05
0
-2.55149e-05
-1.84369e-05
-1.9072e-05
0
-3.24577e-05
2.12223e-05
-1.84993e-05
1.94116e-05
-4.29153e-06
-1.86528e-05
-1.49442e-05
0
-3.21521e-06
3.11541e-05
-2.74181e-06
8.09078e-05
1.52588e-05
2.38419e-06
2.23551e-05
-7.30109e-06
-1.52588e-05
-8.7656e-06
6.78556e-06
-7.36411e-06
0
-2.27801e-05
-1.96022e-05
-1.35977e-05
0
-2.72867e-05
0
-3.31222e-05
5.51022e-06
-2.30791e-05
0
-2.53588e-05
-7.62939e-06
-4.57623e-05
-2.01705e-05
-2.74536e-05
-3.84172e-05
-1.9583e-05
-5.22311e-05
-3.51057e-05
-1.52588e-05
-1.97235e-05
1.27602e-05
-4.29153e-06
-3.84358e-05
-1.46325e-05
0
-3.45707e-06
5.89754e-05
-3.21865e-06
3.69319e-05
3.05176e-05
1.43051e-06
6.51703e-06
-6.90149e-06
-3.98434e-05
-8.44201e-06
1.514e-05
-7.97858e-06
-1.4032e-05
-2.41473e-05
-5.09694e-05
-1.40142e-05
-3.98238e-05
-2.68255e-05
-7.62939e-06
-3.42391e-05
0
-2.31458e-05
0
-2.54702e-05
1.86044e-05
-4.32799e-05
-2.09915e-05
-2.53503e-05
0
-1.81951e-05
-1.24117e-06
-3.16148e-05
1.8755e-05
-1.93754e-05
3.12225e-05
-4.05312e-06
-3.48041e-06
-1.57578e-05
-4.07602e-05
-3.44833e-06
1.23575e-05
-3.09944e-06
9.48882e-05
3.05176e-05
7.15256e-07
1.90738e-05
-4.88674e-06
0
-1.04379e-05
1.90623e-05
-8.3194e-06
-2.02922e-05
-2.17591e-05
-1.35993e-05
-1.34692e-05
-2.92694e-05
-2.69561e-05
0
-3.46728e-05
-2.8777e-05
-2.24991e-05
5.84673e-06
-2.66456e-05
2.57156e-05
-4.43538e-05
-1.52588e-05
-2.74683e-05
-3.6469e-05
-1.85417e-05
-1.24725e-05
-3.38141e-05
1.52588e-05
-2.0721e-05
3.05176e-05
-4.05312e-06
0
-1.36366e-05
-5.13638e-05
-2.98023e-06
4.50092e-05
-3.69549e-06
3.8348e-05
1.52588e-05
4.76837e-07
7.62939e-06
-5.06499e-06
-2.79551e-05
-1.0838e-05
2.03631e-05
-8.20868e-06
-1.00721e-05
-2.29275e-05
-3.79894e-05
-1.31326e-05
-2.9933e-05
-2.7816e-05
0
-3.25146e-05
-1.52588e-05
-2.2288e-05
2.07383e-05
-2.86863e-05
5.17489e-05
-4.43563e-05
-4.06672e-05
-2.6578e-05
0
-1.81858e-05
-3.93605e-05
-3.15295e-05
3.05176e-05
-2.08041e-05
5.44627e-05
-4.41074e-06
0
-1.37411e-05
-3.05176e-05
-3.09944e-06
1.23916e-05
-3.8147e-06
1.52588e-05
0
0
6.20238e-06
-2.62971e-06
0
-1.18129e-05
1.06054e-05
-8.38145e-06
8.54044e-06
-2.17652e-05
-1.7398e-05
-1.28525e-05
0
-2.92296e-05
-1.00801e-05
-3.35552e-05
-3.05879e-05
-2.18866e-05
7.62939e-06
-3.36449e-05
5.10316e-05
-4.32819e-05
-4.02832e-05
-2.87432e-05
0
-1.74534e-05
-3.73348e-05
-3.15288e-05
3.41181e-05
-2.14313e-05
6.50471e-05
-4.55393e-06
1.8701e-05
-1.30625e-05
-1.55462e-05
-2.98023e-06
0
-3.69549e-06
5.05208e-05
1.52588e-05
0
0
-2.91801e-06
-1.46002e-05
-1.1877e-05
-7.62939e-06
-8.96425e-06
1.06002e-05
-2.14694e-05
0
-1.30367e-05
0
-2.94096e-05
-8.68181e-06
-3.22912e-05
-4.03697e-05
-2.1241e-05
0
-3.90236e-05
3.76599e-05
-4.32961e-05
-1.95082e-05
-3.22992e-05
-4.05682e-05
-1.73592e-05
-3.95463e-05
-3.28734e-05
1.21371e-05
-2.31006e-05
3.85209e-05
-4.88758e-06
1.52588e-05
-1.25943e-05
0
-2.6226e-06
0
-3.93391e-06
5.94548e-05
3.05176e-05
-2.38419e-07
-1.13566e-05
-2.67236e-06
-2.53521e-05
-1.13893e-05
0
-9.28802e-06
-7.62939e-06
-2.12369e-05
1.17776e-05
-1.32609e-05
9.92617e-06
-2.96206e-05
-2.91566e-05
-3.00905e-05
-2.09469e-05
-1.96534e-05
2.08482e-05
-4.01358e-05
7.62939e-05
-4.02079e-05
-3.95982e-05
-2.91134e-05
2.37648e-06
-1.66802e-05
0
-3.14889e-05
0
-2.21938e-05
5.81542e-05
-4.88758e-06
3.68201e-05
-1.30155e-05
-2.00664e-05
-2.38419e-06
0
-4.29153e-06
1.22502e-05
0
-3.04116e-07
0
-2.42936e-06
-2.0683e-05
-1.17818e-05
-1.96572e-05
-8.87531e-06
0
-2.20026e-05
0
-1.35269e-05
0
-2.95205e-05
0
-3.07775e-05
-2.95976e-05
-2.02415e-05
9.77919e-06
-4.53153e-05
2.38627e-05
-4.06067e-05
-2.08787e-05
-3.26717e-05
0
-1.6669e-05
0
-3.04554e-05
2.0616e-05
-2.35948e-05
2.50478e-05
-5.24521e-06
3.94754e-05
-1.25039e-05
-3.05176e-05
-2.26498e-06
0
-4.05312e-06
4.01499e-05
1.52588e-05
-7.6075e-07
-7.62939e-06
-2.41958e-06
0
-1.096e-05
0
-8.80302e-06
7.05951e-06
-2.1551e-05
0
-1.37533e-05
0
-3.0211e-05
-1.01141e-05
-2.93942e-05
0
-1.97602e-05
0
-4.46906e-05
2.73168e-05
-3.82104e-05
-1.74711e-05
-3.14016e-05
1.9895e-05
-1.63644e-05
1.56013e-05
-3.01762e-05
0
-2.34026e-05
7.60883e-05
-6.19888e-06
1.42465e-05
-1.31785e-05
-7.57318e-05
-2.14577e-06
-1.99482e-05
-4.17233e-06
3.87127e-05
0
-6.46098e-07
7.62939e-06
-2.48091e-06
-2.96295e-05
-1.06402e-05
7.62939e-06
-9.00032e-06
7.62939e-06
-2.18267e-05
-5.74018e-06
-1.37708e-05
-1.0031e-05
-3.02649e-05
-5.96544e-06
-2.98708e-05
-1.73641e-05
-1.90474e-05
9.99685e-06
-4.41477e-05
1.97699e-05
-3.77315e-05
2.37745e-05
-3.32993e-05
0
-1.67825e-05
1.52588e-05
-3.05146e-05
-4.77951e-06
-2.40853e-05
5.81493e-05
-6.19888e-06
3.93391e-05
-1.11926e-05
-5.84273e-05
-1.78814e-06
1.9883e-05
-4.52995e-06
0
1.52588e-05
-9.5424e-07
0
-2.47506e-06
-2.02484e-05
-1.0931e-05
0
-9.30269e-06
2.96343e-05
-2.15139e-05
-9.9885e-06
-1.3744e-05
-5.92434e-06
-3.05597e-05
-2.77374e-05
-2.9393e-05
-1.52588e-05
-1.95347e-05
0
-4.753e-05
-2.0135e-05
-3.88158e-05
4.30537e-06
-3.28469e-05
3.49994e-05
-1.68761e-05
-3.15415e-05
-2.70124e-05
0
-2.51187e-05
7.74846e-05
-6.91414e-06
1.48541e-05
-1.11319e-05
-4.03458e-05
-1.90735e-06
1.2929e-05
-4.29153e-06
2.03058e-05
0
-1.83818e-06
-2.03284e-05
-1.94065e-06
-7.62939e-06
-1.03753e-05
0
-1.0159e-05
0
-2.18552e-05
-2.09214e-05
-1.40397e-05
-3.02135e-05
-2.93445e-05
-1.36907e-05
-2.81046e-05
0
-1.9394e-05
0
-4.51744e-05
-1.47954e-05
-4.08455e-05
1.82015e-05
-3.4152e-05
-1.72986e-05
-1.62577e-05
1.52588e-05
-2.70102e-05
1.8749e-05
-2.62662e-05
6.49027e-05
-6.41066e-06
1.94479e-05
-1.07351e-05
-1.01944e-05
-1.90735e-06
0
-4.41074e-06
-1.52588e-05
1.52588e-05
-1.49162e-06
-1.01293e-05
-1.68731e-06
-1.43538e-05
-1.03353e-05
-1.01146e-05
-1.05697e-05
-7.62939e-06
-2.09162e-05
-2.71706e-05
-1.37369e-05
-4.71295e-06
-3.03049e-05
-1.18931e-05
-2.91078e-05
-9.61598e-06
-1.95431e-05
-6.18514e-06
-4.36924e-05
-1.87507e-05
-3.80973e-05
3.76564e-05
-3.202e-05
1.82815e-05
-1.65702e-05
1.86481e-05
-2.67044e-05
4.03679e-07
-2.67387e-05
3.90151e-05
-6.47452e-06
0
-1.00165e-05
-1.22564e-05
-1.90735e-06
4.69384e-06
-4.29153e-06
-1.52588e-05
0
-1.84995e-06
-6.89846e-06
-1.66893e-06
-6.29164e-06
-1.03201e-05
-7.62939e-06
-1.09522e-05
-2.57175e-05
-2.05317e-05
0
-1.36676e-05
-9.15904e-06
-2.91551e-05
-1.76488e-05
-2.83072e-05
0
-1.9047e-05
7.62939e-06
-4.34593e-05
1.12406e-05
-4.19864e-05
1.89222e-05
-3.41178e-05
-1.83628e-05
-1.7031e-05
0
-2.45625e-05
0
-2.64558e-05
3.23122e-05
-6.50141e-06
3.53045e-05
-1.016e-05
-2.81779e-05
-2.26498e-06
0
-4.17233e-06
-2.2765e-05
0
-2.14618e-06
-7.62939e-06
-1.33725e-06
-2.18919e-05
-1.05479e-05
-1.32394e-05
-1.00006e-05
0
-2.12068e-05
0
-1.37683e-05
0
-2.92648e-05
-7.56223e-06
-2.82439e-05
7.62939e-06
-1.94484e-05
0
-4.27392e-05
4.2018e-05
-4.09801e-05
1.42761e-05
-3.18886e-05
-1.24859e-05
-1.68601e-05
0
-2.37935e-05
6.85289e-07
-2.8274e-05
1.46861e-05
-6.92464e-06
0
-9.43126e-06
-2.05511e-05
-2.26498e-06
0
-3.8147e-06
0
1.52588e-05
-2.21421e-06
-1.52588e-05
-1.90735e-06
0
-1.00873e-05
-7.62939e-06
-1.02175e-05
0
-2.14213e-05
-7.62939e-06
-1.39382e-05
0
-2.86619e-05
0
-2.92302e-05
7.62939e-06
-1.95492e-05
0
-4.60884e-05
0
-4.05974e-05
1.52588e-05
-3.07346e-05
0
-1.68788e-05
0
-2.18917e-05
0
-2.70068e-05
0
-6.80848e-06
1.52588e-05
-9.12568e-06
0
-2.26498e-06
0
-3.69549e-06
1.52588e-05
1.52588e-05
-1.43051e-06
-2.14577e-06
-7.98702e-06
-1.20401e-05
-1.70469e-05
-1.71661e-05
-2.39611e-05
-2.57492e-05
-2.37226e-05
-3.57628e-05
-3.56436e-05
-2.86102e-05
-2.09808e-05
-2.15769e-05
-2.12193e-05
-8.58307e-06
-7.39098e-06
-2.14577e-06
-3.93391e-06
0
0
0
0
0
0
0
0
0
0
0
0
0
0
0
0
0
0
0
0
0
0
0
0
0
0
0
0
0
0
0
0
0
0
0
0
0
0
0
0
0
0
0
0
0
0
0
0
0
0
0
0
0
0
0
0
0
0
0
0
0
0
0
0
0
0
0
0
0
0
0
0
0
0
0
0
0
0
0
0
0
0
0
0
0
0
0
0
0
0
0
0
0
0
0
0
0
0
0
0
0
0
0
0
0
0
0
0
0
0
0
0
0
0
0
0
0
0
0
0
0
0
0
0
0
0
0
0
0
0
0
0
0
0
0
0
0
0
0
0
0
0
0
0
0
0
0
0
0
0
0
0
0
0
0
0
0
0
0
0
0
0
0
0
0
0
0
0
0
0
0
0
0
0
0
0
0
0
0
0
0
0
0
0
0
0
0
0
0
0
0
0
0
0
0
0
0
0
0
0
0
0
0
0
0
0
0
0
0
0
0
0
0
0
0
0
0
0
0
0
0
0
0
0
0
0
0
0
0
0
0
0
0
0
0
0
0
0
0
0
0
0
0
0
0
0
0
0
0
0
0
0
0
0
0
0
0
0
0
0
0
0
0
0
0
0
0
0
0
0
0
0
0
0
0
0
0
0
0
0
0
0
0
0
0
0
0
0
0
0
0
0
0
0
0
0
0
0
0
0
0
0
0
0
0
0
0
0
0
0
0
0
0
0
0
0
0
0
0
0
0
0
0
0
0
0
0
0
0
0
0
0
0
0
0
0
0
0
0
0
0
0
0
0
0
0
0
0
0
0
0
0
0
0
0
0
0
0
0
0
0
0
0
0
0
0
0
0
0
0
0
0
0
0
0
0
0
0
0
0
0
0
0
0
0
0
0
0
0
0
0
0
0
0
0
0
0
0
0
0
0
0
0
0
0
0
0
0
0
0
0
0
0
0
0
0
0
0
0
0
0
0
0
0
0
0
0
0
0
0
0
0
0
0
0
0
0
0
0
0
0
0
0
0
0
0
0
0
0
0
0
0
0
0
0
0
0
0
0
0
0
0
0
0
0
0
0
0
0
0
0
0
0
0
0
0
0
0
0
0
0
0
0
0
0
0
0
0
0
0
0
0
0
0
0
0
0
0
0
0
0
0
0
0
0
0
0
0
0
0
0
0
0
0
0
0
0
0
0
0
0
0
0
0
0
0
0
0
0
0
0
0
0
0
0
0
0
0
0
0
0
0
0
0
0
0
0
0
0
0
0
0
0
0
0
0
0
0
0
0
0
0
0
0
0
0
0
0
0
0
0
0
0
0
0
0
0
0
0
0
0
0
0
0
0
0
0
0
0
0
0
0
0
0
0
0
0
0
0
0
0
0
0
0
0
0
0
0
0
0
0
0
0
0
0
0
0
0
0
0
0
0
0
0
0
0
0
0
0
0
0
0
0
0
0
0
0
0
0
0
0
0
0
0
0
0
0
0
0
0
0
0
0
0
0
0
0
0
0
0
0
0
0
0
0
0
0
0
0
0
0
0
0
0
0
0
0
0
0
0
0
0
0
0
0
0
0
0
0
0
0
0
0
0
0
0
0
0
0
0
0
0
0
0
0
0
0
0
0
0
0
0
0
0
0
0
0
0
0
0
0
0
0
0
0
0
0
0
0
0
0
0
0
0
0
0
0
0
0
0
0
0
0
0
0
0
0
0
0
0
0
0
0
0
0
0
0
0
0
0
0
0
0
0
0
0
0
0
0
0
0
0
0
0
0
0
0
0
0
0
0
0
0
0
0
0
0
0
0
0
0
0
0
0
0
0
0
0
0
0
0
0
0
0
0
0
0
0
0
0
0
0
0
0
0
0
0
0
0
0
0
0
0
0
0
0
0
0
0
0
0
0
0
0
0
0
0
0
0
0
0
0
0
0
0
0
0
0
0
0
0
0
0
0
0
0
0
0
0
0
0
0
0
0
0
0
0
0
0
0
0
0
0
0
0
0
0
0
0
0
0
0
0
0
0
0
0
0
0
0
0
0
0
0
0
0
0
0
0
0
0
0
0
0
0
0
0
0
0
0
0
0
0
0
0
0
0
0
0
0
0
0
0
0
0
0
0
0
0
0
0
0
0
0
0
0
0
0
0
0
0
0
0
0
0
0
0
0
0
0
0
0
0
0
0
0
0
0
0
0
0
0
0
0
0
0
0
0
0
0
0
0
0
0
0
0
0
0
0
0
0
0
0
0
0
0
0
0
0
0
0
0
0
0
0
0
0
0
0
0
0
0
0
0
0
0
0
0
0
0
0
0
0
0
0
0
0
0
0
0
0
0
0
0
0
0
0
0
0
0
0
0
0
0
0
0
0
0
0
0
0
0
0
0
0
0
0
0
0
0
0
0
0
0
0
0
0
0
0
0
0
0
0
0
0
0
0
0
0
0
0
0
0
0
0
0
0
0
0
0
0
0
0
0
0
0
0
0
0
0
0
0
0
0
0
0
0
0
0
0
0
0
0
0
0
0
0
0
0
0
0
0
0
0
0
0
0
0
0
0
0
0
0
0
0
0
0
0
0
0
0
0
0
0
0
0
0
0
0
0
0
0
0
0
0
0
0
0
0
0
0
0
0
0
0
0
0
0
0
0
0
0
0
0
0
0
0
0
0
0
0
0
0
0
0
0
0
0
0
0
0
0
0
0
0
0
0
0
0
0
0
0
0
0
0
0
0
0
0
0
0
0
0
0
0
0
0
0
0
0
0
0
0
0
0
0
0
0
0
0
0
0
0
0
0
0
0
0
0
0
0
0
0
0
0
0
0
0
0
0
0
0
0
0
0
0
0
0
0
0
0
0
0
0
0
0
0
0
0
0
0
0
0
0
0
0
0
0
0
0
0
0
0
0
0
0
0
0
0
0
0
0
0
0
0
0
0
0
0
0
0
0
0
0
0
0
0
0
0
0
0
0
0
0
0
0
0
0
0
0
0
0
0
0
0
0
0
0
0
0
0
0
0
0
0
0
0
0
0
0
0
0
0
0
0
0
0
0
0
0
0
0
0
0
0
0
0
0
0
0
0
0
0
0
0
0
0
0
0
0
0
0
0
0
0
0
0
0
0
0
0
0
0
0
0
0
0
0
0
0
0
0
0
0
0
0
0
0
0
0
0
0
0
0
0
0
0
0
0
0
0
0
0
0
0
0
0
0
0
0
0
0
0
0
0
0
0
0
0
0
0
0
0
0
0
0
0
0
0
0
0
0
0
0
0
0
0
0
0
0
0
0
0
0
0
0
0
0
0
0
0
0
0
0
0
0
0
0
0
0
0
0
0
0
0
0
0
0
0
0
0
0
0
0
0
0
0
0
0
0
0
0
0
0
0
0
0
0
0
0
0
0
0
0
0
0
0
0
0
0
0
0
0
0
0
0
0
0
0
0
0
0
0
0
0
0
0
0
0
0
0
0
0
0
0
0
0
0
0
0
0
0
0
0
0
0
0
0
0
0
0
0
0
0
0
0
0
0
0
0
0
0
0
0
0
0
0
0
0
0
0
0
0
0
0
0
0
0
0
0
0
0
0
0
0
0
0
0
0
0
0
0
0
0
0
0
0
0
0
0
0
0
0
0
0
0
0
0
0
0
0
0
0
0
0
0
0
0
0
0
0
0
0
0
0
0
0
0
0
0
0
0
0
0
0
0
0
0
0
0
0
0
0
0
0
0
0
0
0
0
0
0
0
0
0
0
0
0
0
0
0
0
0
0
0
0
0
0
0
0
0
0
0
0
0
0
0
0
0
0
0
0
0
0
0
0
0
0
0
0
0
0
0
0
0
0
0
0
0
0
0
0
0
0
0
0
0
0
0
0
0
0
0
0
0
0
0
0
0
0
0
0
0
0
0
0
0
0
0
0
0
0
0
0
0
0
0
0
0
0
0
0
0
0
0
0
0
0
0
0
0
0
0
0
0
0
0
0
0
0
0
0
0
0
0
0
0
0
0
0
0
0
0
0
0
0
0
0
0
0
0
0
0
0
0
0
0
0
0
0
0
0
0
0
0
0
0
0
0
0
0
0
0
0
0
0
0
0
0
0
0
0
0
0
0
0
0
0
0
0
0
0
0
0
0
0
0
0
0
0
0
0
0
0
0
0
0
0
0
0
0
0
0
0
0
0
0
0
0
0
0
0
0
0
0
0
0
0
0
0
0
0
0
0
0
0
0
0
0
0
0
0
0
0
0
0
0
0
0
0
0
0
0
0
0
0
0
0
0
0
0
0
0
0
0
0
0
0
0
0
0
0
0
0
0
0
0
0
0
0
0
0
0
0
0
0
0
0
0
0
0
0
0
0
0
0
0
0
0
0
0
0
0
0
0
0
0
0
0
0
0
0
0
0
0
0
0
0
0
0
0
0
0
0
0
0
0
0
0
0
0
0
0
0
0
0
0
0
0
0
0
0
0
0
0
0
0
0
0
0
0
0
0
0
0
0
0
0
0
0
0
0
0
0
0
0
0
0
0
0
0
0
0
0
0
0
0
0
0
0
0
0
0
0
0
0
0
0
0
0
0
0
0
0
0
0
0
0
0
0
0
0
0
0
0
0
0
0
0
0
0
0
0
0
0
0
0
0
0
0
0
0
0
0
0
0
0
0
0
0
0
0
0
0
0
0
0
0
0
0
0
0
0
0
0
0
0
0
0
0
0
0
0
0
0
0
0
0
0
0
0
0
0
0
0
0
0
0
0
0
0
0
0
0
0
0
0
0
0
0
0
0
0
0
0
0
0
0
0
0
0
0
0
0
0
0
0
0
0
0
0
0
0
0
0
0
0
0
0
0
0
0
0
0
0
0
0
0
0
0
0
0
0
0
0
0
0
0
0
0
0
0
0
0
0
0
0
0
0
0
0
0
0
0
0
0
0
0
0
0
0
0
0
0
0
0
0
0
0
0
0
0
0
0
0
0
0
0
0
0
0
0
0
0
0
0
0
0
0
0
0
0
0
0
0
0
0
0
0
0
0
0
0
0
0
0
0
0
0
0
0
0
0
0
0
0
0
0
0
0
0
0
0
0
0
0
0
0
0
0
0
0
0
0
0
0
0
0
0
0
0
0
0
0
0
0
0
0
0
0
0
0
0
0
0
0
0
0
0
0
0
0
0
0
0
0
0
0
0
0
0
0
0
0
0
0
0
0
0
0
0
0
0
0
0
0
0
0
0
0
0
0
0
0
0
0
0
0
0
0
0
0
0
0
0
0
0
0
0
0
0
0
0
0
0
0
0
0
0
0
0
0
0
0
0
0
0
0
0
0
0
0
0
0
0
0
0
0
0
0
0
0
0
0
0
0
0
0
0
0
0
0
0
0
0
0
0
0
0
0
0
0
0
0
0
0
0
0
0
0
0
0
0
0
0
0
0
0
0
0
0
0
0
0
0
0
0
0
0
0
0
0
0
0
0
0
0
0
0
0
0
0
0
0
0
0
0
0
0
0
0
0
0
0
0
0
0
0
0
0
0
0
0
0
0
0
0
0
0
0
0
0
0
0
0
0
0
0
0
0
0
0
0
0
0
0
0
0
0
0
0
0
0
0
0
0
0
0
0
0
0
0
0
0
0
0
0
0
0
0
0
0
0
0
0
0
0
0
0
0
0
0
0
0
0
0
0
0
0
0
0
0
0
0
0
0
0
0
0
0
0
0
0
0
0
0
0
0
0
0
0
0
0
0
0
0
0
0
0
0
0
0
0
0
0
0
0
0
0
0
0
0
0
0
0
0
0
0
0
0
0
0
0
0
0
0
0
0
0
0
0
0
0
0
0
0
0
0
0
0
0
0
0
0
0
0
0
0
0
0
0
0
0
0
0
0
0
0
0
0
0
0
0
0
0
0
0
0
0
0
0
0
0
0
0
0
0
0
0
0
0
0
0
0
0
0
0
0
0
0
0
0
0
0
0
0
0
0
0
0
0
0
0
0
0
0
0
0
0
0
0
0
0
0
0
0
0
0
0
0
0
0
0
0
0
0
0
0
0
0
0
0
0
0
0
0
0
0
0
0
0
0
0
0
0
0
0
0
0
0
0
0
0
0
0
0
0
0
0
0
0
0
0
0
0
0
0
0
0
0
0
0
0
0
0
0
0
0
0
0
0
0
0
0
0
0
0
0
0
0
0
0
0
0
0
0
0
0
0
0
0
0
0
0
0
0
0
0
0
0
0
0
0
0
0
0
0
0
0
0
0
0
0
0
0
0
0
0
0
0
0
0
0
0
0
0
0
0
0
0
0
0
0
0
0
0
0
0
0
0
0
0
0
0
0
0
0
0
0
0
0
0
0
0
0
0
0
0
0
0
0
0
0
0
0
0
0
0
0
0
0
0
0
0
0
0
0
0
0
0
0
0
0
0
0
0
0
0
0
0
0
0
0
0
0
0
0
0
0
0
0
0
0
0
0
0
0
0
0
0
0
0
0
0
0
0
0
0
0
0
0
0
0
0
0
0
0
0
0
0
0
0
0
0
0
0
0
0
0
0
0
0
0
0
0
0
0
0
0
0
0
0
0
0
0
0
0
0
0
0
0
0
0
0
0
0
0
0
0
0
0
0
0
0
0
0
0
0
0
0
0
0
0
0
0
0
0
0
0
0
0
0
0
0
0
0
0
0
0
0
0
0
0
0
0
0
0
0
0
0
0
0
0
0
0
0
0
0
0
0
0
0
0
0
0
0
0
0
0
0
0
0
0
0
0
0
0
0
0
0
0
0
0
0
0
0
0
0
0
0
0
0
0
0
0
0
0
0
0
0
0
0
0
0
0
0
0
0
0
0
0
0
0
0
0
0
0
0
0
0
0
0
0
0
0
0
0
0
0
0
0
0
0
0
0
0
0
0
0
0
0
0
0
0
0
0
0
0
0
0
0
0
0
0
0
0
0
0
0
0
0
0
0
0
0
0
0
0
0
0
0
0
0
0
0
0
0
0
0
0
0
0
0
0
0
0
0
0
0
0
0
0
0
0
0
0
0
0
0
0
0
0
0
0
0
0
0
0
0
0
0
0
0
0
0
0
0
0
0
0
0
0
0
0
0
0
0
0
0
0
0
0
0
0
0
0
0
0
0
0
0
0
0
0
0
0
0
0
0
0
0
0
0
0
0
0
0
0
0
0
0
0
0
0
0
0
0
0
0
0
0
0
0
0
0
0
0
0
0
0
0
0
0
0
0
0
0
0
0
0
0
0
0
0
0
0
0
0
0
0
0
0
0
0
0
0
0
0
0
0
0
0
0
0
0
0
0
0
0
0
0
0
0
0
0
0
0
0
0
0
0
0
0
0
0
0
0
0
0
0
0
0
0
0
0
0
0
0
0
0
0
0
0
0
0
0
0
0
0
0
0
0
0
0
0
0
0
0
0
0
0
0
0
0
0
0
0
0
0
0
0
0
0
0
0
0
0
0
0
0
0
0
0
0
0
0
0
0
0
0
0
0
0
0
0
0
0
0
0
0
0
0
0
0
0
0
0
0
0
0
0
0
0
0
0
0
0
0
0
0
0
0
0
0
0
0
0
0
0
0
0
0
0
0
0
0
0
0
0
0
0
0
0
0
0
0
0
0
0
0
0
0
0
0
0
0
0
0
0
0
0
0
0
0
0
0
0
0
0
0
0
0
0
0
0
0
0
0
0
0
0
0
0
0
0
0
0
0
0
0
0
0
0
0
0
0
0
0
0
0
0
0
0
0
0
0
0
0
0
0
0
0
0
0
0
0
0
0
0
0
0
0
0
0
0
0
0
0
0
0
0
0
0
0
0
0
0
0
0
0
0
0
0
0
0
0
0
0
0
0
0
0
0
0
0
0
0
0
0
0
0
0
0
0
0
0
0
0
0
0
0
0
0
0
0
0
0
0
0
0
0
0
0
0
0
0
0
0
0
0
0
0
0
0
0
0
0
0
0
0
0
0
0
0
0
0
0
0
0
0
0
0
0
0
0
0
0
0
0
0
0
0
0
0
0
0
0
0
0
0
0
0
0
0
0
0
0
0
0
0
0
0
0
0
0
0
0
0
0
0
0
0
0
0
0
0
0
0
0
0
0
0
0
0
0
0
0
0
0
0
0
0
0
0
0
0
0
0
0
0
0
0
0
0
0
0
0
0
0
0
0
0
0
0
0
0
0
0
0
0
0
0
0
0
0
0
0
0
0
0
0
0
0
0
0
0
0
0
0
0
0
0
0
0
0
0
0
0
0
0
0
0
0
0
0
0
0
0
0
0
0
0
0
0
0
0
0
0
0
0
0
0
0
0
0
0
0
0
0
0
0
0
0
0
0
0
0
0
0
0
0
0
0
0
0
0
0
0
0
0
0
0
0
0
0
0
0
0
0
0
0
0
0
0
0
0
0
0
0
0
0
0
0
0
0
0
0
0
0
0
0
0
0
0
0
0
0
0
0
0
0
0
0
0
0
0
0
0
0
0
0
0
0
0
0
0
0
0
0
0
0
0
0
0
0
0
0
0
0
0
0
0
0
0
0
0
0
0
0
0
0
0
0
0
0
0
0
0
0
0
0
0
0
0
0
0
0
0
0
0
0
0
0
0
0
0
0
0
0
0
)
;

boundaryField
{
    inlet
    {
        type            calculated;
        value           nonuniform List<scalar> 
20
(
-7.42428e-06
-7.42428e-06
-7.42428e-06
-7.42428e-06
-7.42428e-06
-7.42428e-06
-7.42428e-06
-7.42428e-06
-7.42428e-06
-7.42428e-06
-7.42428e-06
-7.42428e-06
-7.42428e-06
-7.42428e-06
-7.42428e-06
-7.42428e-06
-7.42428e-06
-7.42428e-06
-7.42428e-06
-7.42428e-06
)
;
    }
    outlet
    {
        type            calculated;
        value           uniform 0;
    }
    frontAndBack
    {
        type            empty;
    }
    topAndBottom
    {
        type            calculated;
        value           uniform 0;
    }
    defaultFaces
    {
        type            empty;
    }
}


// ************************************************************************* //
