/*--------------------------------*- C++ -*----------------------------------*\
  =========                 |
  \\      /  F ield         | OpenFOAM: The Open Source CFD Toolbox
   \\    /   O peration     | Website:  https://openfoam.org
    \\  /    A nd           | Version:  11
     \\/     M anipulation  |
\*---------------------------------------------------------------------------*/
FoamFile
{
    format      ascii;
    class       surfaceScalarField;
    location    "10";
    object      phi;
}
// * * * * * * * * * * * * * * * * * * * * * * * * * * * * * * * * * * * * * //

dimensions      [0 3 -1 0 0 0 0];

internalField   nonuniform List<scalar> 
5320
(
0
0
0
0
0
0
0
0
0
0
0
0
0
0
0
0
0
0
0
0
0
0
0
0
0
0
0
0
0
0
0
0
0
0
0
0
0
0
0
0
0
0
0
0
0
0
0
0
0
0
0
0
0
0
0
0
0
0
0
0
0
0
0
0
0
0
0
0
0
0
0
0
0
0
0
0
0
0
0
0
0
0
0
0
0
0
0
0
0
0
0
0
0
0
0
0
0
0
0
0
0
0
0
0
0
0
0
0
0
0
0
0
0
0
0
0
0
0
0
0
0
0
0
0
0
0
0
0
0
0
0
0
0
0
0
0
0
0
0
0
0
0
0
0
0
0
0
0
0
0
0
0
0
0
0
0
0
0
0
0
0
0
0
0
0
0
0
0
0
0
0
0
0
0
0
0
0
0
0
0
0
0
0
0
0
0
0
0
0
0
0
0
0
0
0
0
0
0
0
0
0
0
0
0
0
0
0
0
0
0
0
0
0
0
0
0
0
0
0
0
0
0
0
0
0
0
0
0
0
0
0
0
0
0
0
0
0
0
0
0
0
0
0
0
0
0
0
0
0
0
0
0
0
0
0
0
0
0
0
0
0
0
0
0
0
0
0
0
0
0
0
0
0
0
0
0
0
0
0
0
0
0
0
0
0
0
0
0
0
0
0
0
0
0
0
0
0
0
0
0
0
0
0
0
0
0
0
0
0
0
0
0
0
0
0
0
0
0
0
0
0
0
0
0
0
0
0
0
0
0
0
0
0
0
0
0
0
0
0
0
0
0
0
0
0
0
0
0
0
0
0
0
0
0
0
0
0
0
0
0
0
0
0
0
0
0
0
0
0
0
0
0
0
0
0
0
0
0
0
0
0
0
0
0
0
0
0
0
0
0
0
0
0
0
0
0
0
0
0
0
0
0
0
0
0
0
0
0
0
0
0
0
0
0
0
0
0
0
0
0
0
0
0
0
0
0
0
0
0
0
0
0
0
0
0
0
0
0
0
0
0
0
0
0
0
0
0
0
0
0
0
0
0
0
0
0
0
0
0
0
0
0
0
0
0
0
0
0
0
0
0
0
0
0
0
0
0
0
0
0
0
0
0
0
0
0
0
0
0
0
0
0
0
0
0
0
0
0
0
0
0
0
0
0
0
0
0
0
0
0
0
0
0
0
0
0
0
0
0
0
0
0
0
0
0
0
0
0
0
0
0
0
0
0
0
0
0
0
0
0
0
0
0
0
0
0
0
0
0
0
0
0
0
0
0
0
0
0
0
0
0
0
0
0
0
0
0
0
0
0
0
0
0
0
0
0
0
0
0
0
0
0
0
0
0
0
0
0
0
0
0
0
0
0
0
0
0
0
0
0
0
0
0
0
0
0
0
0
0
0
0
0
0
0
0
0
0
0
0
0
0
0
0
0
0
0
0
0
0
0
0
0
0
0
0
0
0
0
0
0
0
0
0
0
0
0
0
0
0
0
0
0
0
0
0
0
0
0
0
0
0
0
0
0
0
0
0
0
0
0
0
0
0
0
0
0
0
0
0
0
0
0
0
0
0
0
0
0
0
0
0
0
0
0
0
0
0
0
0
0
0
0
0
0
0
0
0
0
0
0
0
0
0
0
0
0
0
0
0
0
0
0
0
0
0
0
0
0
0
0
0
0
0
0
0
0
0
0
0
0
0
0
0
0
0
0
0
0
0
0
0
0
0
0
0
0
0
0
0
0
3.09944e-06
7.62939e-06
-6.67572e-06
7.62939e-06
-7.03335e-06
7.62939e-06
-8.9407e-06
7.62939e-06
-1.85966e-05
0
-1.75238e-05
-7.62939e-06
-2.43187e-05
0
-2.77758e-05
7.62939e-06
-2.70605e-05
1.52588e-05
-2.94447e-05
7.62939e-06
-3.46899e-05
1.52588e-05
-2.87294e-05
-1.52588e-05
-2.3365e-05
1.52588e-05
-2.6226e-05
0
-1.60933e-05
0
-4.64916e-06
-1.52588e-05
-1.16825e-05
0
-4.17233e-06
0
-2.26498e-06
1.52588e-05
0
3.09944e-06
0
-8.68432e-06
-1.05532e-05
-6.14403e-06
0
-7.44731e-06
0
-2.38224e-05
-1.57666e-05
-1.40181e-05
-8.71306e-06
-2.65716e-05
0
-3.09299e-05
2.48264e-05
-2.44299e-05
-7.62939e-06
-2.69716e-05
5.10841e-07
-4.3783e-05
0
-2.76695e-05
-3.40038e-05
-1.9662e-05
-1.52588e-05
-3.23e-05
1.52588e-05
-1.82493e-05
0
-4.52995e-06
-4.45156e-06
-1.53066e-05
0
-3.26717e-06
0
-2.26498e-06
7.24317e-05
0
2.86102e-06
6.34562e-06
-8.58802e-06
-3.25746e-05
-6.3518e-06
8.87227e-06
-7.59245e-06
-2.58498e-05
-2.39609e-05
-4.07373e-05
-1.3915e-05
-9.14833e-06
-2.58868e-05
0
-3.25513e-05
0
-2.41781e-05
-7.62939e-06
-2.80106e-05
-3.639e-05
-4.20035e-05
0
-2.62585e-05
-1.84212e-05
-1.88267e-05
0
-3.17023e-05
3.60398e-05
-1.7782e-05
1.93653e-05
-4.41074e-06
-4.24312e-06
-1.49121e-05
0
-3.21466e-06
3.34509e-05
-2.74181e-06
6.27893e-05
1.52588e-05
2.14577e-06
1.18029e-05
-7.522e-06
-1.94291e-05
-8.2798e-06
7.62939e-06
-7.36829e-06
0
-2.22839e-05
-1.34031e-05
-1.37159e-05
0
-2.58824e-05
0
-3.22439e-05
7.62939e-06
-2.39265e-05
0
-2.68677e-05
-1.52588e-05
-4.41878e-05
-3.53606e-05
-2.81112e-05
-2.08199e-05
-1.95408e-05
-3.69027e-05
-3.39095e-05
0
-1.91426e-05
1.20104e-05
-4.29153e-06
-3.8961e-05
-1.45922e-05
0
-3.40007e-06
6.04107e-05
-3.09944e-06
2.1511e-05
3.05176e-05
1.43051e-06
6.66749e-06
-6.81841e-06
-3.20972e-05
-8.21816e-06
2.46489e-05
-7.97436e-06
-8.14344e-06
-2.36472e-05
-5.08135e-05
-1.39173e-05
-3.84911e-05
-2.51846e-05
-1.52588e-05
-3.28197e-05
0
-2.36808e-05
0
-2.63176e-05
1.86407e-05
-4.29916e-05
-3.52463e-05
-2.65668e-05
-1.84245e-05
-1.82999e-05
-1.51867e-05
-3.13585e-05
4.0517e-06
-1.88954e-05
2.94062e-05
-4.05312e-06
-1.87537e-05
-1.56054e-05
-1.3607e-05
-3.45707e-06
1.24772e-05
-3.09944e-06
8.27128e-05
3.05176e-05
7.15256e-07
1.91223e-05
-4.81533e-06
0
-1.00744e-05
7.62939e-06
-8.19239e-06
-2.05745e-05
-2.14691e-05
-1.9452e-05
-1.33536e-05
-1.89352e-05
-2.54609e-05
0
-3.36009e-05
-2.87676e-05
-2.34071e-05
7.62939e-06
-2.83987e-05
3.18332e-05
-4.32913e-05
-4.56203e-06
-2.83872e-05
-3.64101e-05
-1.85298e-05
-1.24334e-05
-3.27362e-05
1.22453e-05
-2.00751e-05
3.05176e-05
-4.05312e-06
0
-1.38163e-05
-5.42481e-05
-2.98023e-06
6.00211e-05
-3.69549e-06
4.32217e-05
1.52588e-05
4.76837e-07
7.62939e-06
-4.24954e-06
-2.02698e-05
-1.06049e-05
2.78827e-05
-8.3263e-06
-1.00355e-05
-2.25805e-05
-4.03337e-05
-1.31449e-05
-2.88617e-05
-2.64659e-05
0
-3.15332e-05
-1.52588e-05
-2.2625e-05
1.98747e-05
-2.92181e-05
4.46652e-05
-4.17054e-05
-1.50705e-05
-2.72111e-05
0
-1.82665e-05
-2.47974e-05
-3.07277e-05
3.66449e-05
-2.03948e-05
3.86749e-05
-4.41074e-06
0
-1.36271e-05
-1.45779e-05
-3.09944e-06
1.2183e-05
-3.8147e-06
1.52588e-05
0
0
9.88314e-06
-2.67115e-06
0
-1.16666e-05
1.01996e-05
-8.37747e-06
8.54005e-06
-2.14347e-05
-2.0998e-05
-1.2947e-05
0
-2.76307e-05
-1.01578e-05
-3.1827e-05
-2.95702e-05
-2.19246e-05
5.87887e-06
-3.28243e-05
6.37e-05
-4.28189e-05
-4.02083e-05
-2.81742e-05
0
-1.74653e-05
-1.31577e-05
-3.14535e-05
3.68305e-05
-2.10494e-05
3.9226e-05
-4.43058e-06
2.00461e-05
-1.29504e-05
-2.64595e-08
-2.86102e-06
0
-3.69549e-06
5.0343e-05
1.52588e-05
0
0
-2.90053e-06
-6.86411e-06
-1.15908e-05
-7.62939e-06
-8.86399e-06
1.19992e-05
-2.09832e-05
0
-1.31777e-05
0
-2.8155e-05
-8.66882e-06
-3.09917e-05
-4.02007e-05
-2.15139e-05
0
-3.75954e-05
3.92368e-05
-4.20298e-05
-3.45083e-05
-3.09688e-05
-5.75648e-05
-1.75734e-05
-5.56337e-05
-3.13057e-05
1.25717e-05
-2.20196e-05
7.02577e-05
-4.88758e-06
1.24726e-05
-1.24537e-05
0
-2.6226e-06
0
-3.93391e-06
5.83498e-05
3.05176e-05
-4.76837e-07
-1.02215e-05
-2.67225e-06
-1.27051e-05
-1.10663e-05
0
-9.33143e-06
-7.62939e-06
-2.06647e-05
1.04912e-05
-1.31526e-05
1.1833e-05
-2.82249e-05
-2.95677e-05
-2.89946e-05
-2.17254e-05
-1.96273e-05
2.84968e-05
-3.87893e-05
7.83544e-05
-3.94864e-05
-4.50314e-05
-2.79606e-05
1.75627e-05
-1.66153e-05
0
-3.1751e-05
0
-2.28508e-05
3.68775e-05
-5.00679e-06
3.29242e-05
-1.29975e-05
-2.00511e-05
-2.5034e-06
0
-4.29153e-06
1.22247e-05
1.52588e-05
-7.15256e-07
0
-2.51129e-06
-2.20216e-05
-1.15137e-05
-1.91993e-05
-8.86862e-06
0
-2.14334e-05
0
-1.36558e-05
0
-2.85339e-05
0
-2.95543e-05
-2.95427e-05
-2.02836e-05
1.7258e-05
-4.29478e-05
2.71886e-05
-3.85912e-05
-2.19078e-05
-3.1099e-05
0
-1.68027e-05
-1.52588e-05
-2.95494e-05
3.50096e-05
-2.31339e-05
2.79201e-05
-5.36442e-06
3.70421e-05
-1.24842e-05
-3.05176e-05
-2.26498e-06
0
-4.05312e-06
2.48955e-05
1.52588e-05
-7.94571e-07
-7.62939e-06
-2.4251e-06
0
-1.07649e-05
0
-8.8164e-06
7.62939e-06
-2.10235e-05
0
-1.36356e-05
0
-2.90814e-05
-1.02484e-05
-2.81775e-05
0
-1.96884e-05
0
-4.39046e-05
1.31966e-05
-3.68179e-05
-1.91328e-05
-3.02812e-05
1.98928e-05
-1.62297e-05
1.56059e-05
-2.943e-05
0
-2.30047e-05
7.49168e-05
-6.07967e-06
1.46041e-05
-1.29287e-05
-7.05096e-05
-2.14577e-06
-1.99525e-05
-4.29153e-06
2.26681e-05
0
-6.41608e-07
1.52588e-05
-2.24001e-06
-2.20057e-05
-1.0446e-05
7.62939e-06
-9.01312e-06
1.52588e-05
-2.13301e-05
-7.62939e-06
-1.3888e-05
-1.17778e-05
-2.9062e-05
-1.52588e-05
-2.84806e-05
-1.00345e-05
-1.91521e-05
1.04978e-05
-4.3133e-05
1.89035e-05
-3.62429e-05
2.30169e-05
-3.19766e-05
0
-1.67855e-05
1.52588e-05
-2.93179e-05
-2.00153e-05
-2.40432e-05
5.98726e-05
-6.31809e-06
3.01382e-05
-1.13416e-05
-5.25872e-05
-1.78814e-06
1.98806e-05
-4.41074e-06
0
1.52588e-05
-9.54724e-07
0
-1.88942e-06
-2.06841e-05
-1.0573e-05
0
-9.24312e-06
2.07051e-05
-2.10113e-05
-6.89593e-06
-1.37561e-05
-5.6297e-06
-2.94526e-05
-2.22983e-05
-2.80053e-05
-5.34378e-06
-1.96908e-05
0
-4.55611e-05
-2.02242e-05
-3.6875e-05
1.98587e-05
-3.18315e-05
3.50149e-05
-1.70351e-05
-3.15786e-05
-2.61874e-05
0
-2.43282e-05
7.61756e-05
-6.91414e-06
1.57739e-05
-1.14439e-05
-5.58384e-05
-1.78814e-06
1.24615e-05
-4.29153e-06
2.02922e-05
0
-1.85221e-06
-2.02823e-05
-2.14577e-06
-7.62939e-06
-9.94242e-06
0
-1.04306e-05
0
-2.1027e-05
-2.07608e-05
-1.3887e-05
-2.00096e-05
-2.83543e-05
-6.42118e-06
-2.67253e-05
0
-1.90569e-05
0
-4.32178e-05
-1.52588e-05
-3.84853e-05
3.17433e-06
-3.22592e-05
-1.73208e-05
-1.60295e-05
0
-2.56441e-05
3.97425e-06
-2.63763e-05
4.77445e-05
-6.68967e-06
1.49423e-05
-1.03889e-05
-2.87168e-05
-1.90735e-06
0
-4.41074e-06
-1.52588e-05
1.52588e-05
-1.4443e-06
-1.02039e-05
-1.90735e-06
-1.2621e-05
-9.96237e-06
-1.05307e-05
-1.10168e-05
-7.62939e-06
-2.03688e-05
-1.58598e-05
-1.37119e-05
-4.70447e-06
-2.88831e-05
-1.67174e-05
-2.76161e-05
-9.36014e-06
-1.97125e-05
-6.1733e-06
-4.35106e-05
-2.03698e-05
-3.68471e-05
2.08071e-05
-3.10765e-05
1.80551e-05
-1.68808e-05
1.86991e-05
-2.51995e-05
2.52058e-07
-2.60914e-05
4.03136e-05
-6.72297e-06
0
-9.93514e-06
-1.22256e-05
-1.90735e-06
1.99519e-05
-4.17233e-06
-1.52588e-05
0
-1.86613e-06
-6.74443e-06
-1.66893e-06
-6.48767e-06
-9.98265e-06
-7.62939e-06
-1.14827e-05
-2.14186e-05
-1.99436e-05
0
-1.39202e-05
-7.9295e-06
-2.83614e-05
-1.99019e-05
-2.70742e-05
0
-1.91651e-05
7.62939e-06
-4.15787e-05
1.69348e-05
-3.98059e-05
1.88615e-05
-3.25428e-05
-1.95743e-05
-1.70361e-05
0
-2.36933e-05
0
-2.64832e-05
3.01058e-05
-6.93824e-06
3.53186e-05
-1.01917e-05
-3.87469e-05
-2.26498e-06
0
-4.17233e-06
-2.62774e-05
0
-1.69218e-06
-7.62939e-06
-1.57866e-06
-2.0168e-05
-1.02599e-05
-1.39309e-05
-1.04703e-05
0
-2.06157e-05
0
-1.36607e-05
0
-2.79275e-05
-1.52588e-05
-2.69503e-05
7.62939e-06
-1.93653e-05
0
-4.1246e-05
4.06997e-05
-3.88255e-05
4.7276e-06
-3.03962e-05
-1.22727e-05
-1.69323e-05
0
-2.2087e-05
0
-2.74514e-05
1.83075e-05
-7.04575e-06
0
-9.30351e-06
-3.7251e-05
-2.34148e-06
-1.8765e-05
-3.8147e-06
0
1.52588e-05
-2.17804e-06
-1.52588e-05
-1.78814e-06
0
-9.81169e-06
-7.62939e-06
-1.05104e-05
0
-2.06861e-05
-7.62939e-06
-1.40821e-05
0
-2.77224e-05
0
-2.80727e-05
1.52588e-05
-1.95115e-05
0
-4.44728e-05
0
-3.97715e-05
1.52588e-05
-2.98824e-05
-1.52588e-05
-1.69774e-05
0
-2.17257e-05
1.52588e-05
-2.67071e-05
0
-6.6855e-06
1.52588e-05
-8.8462e-06
0
-2.26498e-06
0
-3.69549e-06
1.52588e-05
1.52588e-05
-1.19209e-06
-2.14577e-06
-7.98702e-06
-1.20401e-05
-1.71661e-05
-1.71661e-05
-2.39611e-05
-2.57492e-05
-2.37226e-05
-3.57628e-05
-3.54052e-05
-2.83718e-05
-2.09808e-05
-2.15769e-05
-2.13385e-05
-8.70228e-06
-7.27177e-06
-2.26498e-06
-3.93391e-06
0
0
0
0
0
0
0
0
0
0
0
0
0
0
0
0
0
0
0
0
0
0
0
0
0
0
0
0
0
0
0
0
0
0
0
0
0
0
0
0
0
0
0
0
0
0
0
0
0
0
0
0
0
0
0
0
0
0
0
0
0
0
0
0
0
0
0
0
0
0
0
0
0
0
0
0
0
0
0
0
0
0
0
0
0
0
0
0
0
0
0
0
0
0
0
0
0
0
0
0
0
0
0
0
0
0
0
0
0
0
0
0
0
0
0
0
0
0
0
0
0
0
0
0
0
0
0
0
0
0
0
0
0
0
0
0
0
0
0
0
0
0
0
0
0
0
0
0
0
0
0
0
0
0
0
0
0
0
0
0
0
0
0
0
0
0
0
0
0
0
0
0
0
0
0
0
0
0
0
0
0
0
0
0
0
0
0
0
0
0
0
0
0
0
0
0
0
0
0
0
0
0
0
0
0
0
0
0
0
0
0
0
0
0
0
0
0
0
0
0
0
0
0
0
0
0
0
0
0
0
0
0
0
0
0
0
0
0
0
0
0
0
0
0
0
0
0
0
0
0
0
0
0
0
0
0
0
0
0
0
0
0
0
0
0
0
0
0
0
0
0
0
0
0
0
0
0
0
0
0
0
0
0
0
0
0
0
0
0
0
0
0
0
0
0
0
0
0
0
0
0
0
0
0
0
0
0
0
0
0
0
0
0
0
0
0
0
0
0
0
0
0
0
0
0
0
0
0
0
0
0
0
0
0
0
0
0
0
0
0
0
0
0
0
0
0
0
0
0
0
0
0
0
0
0
0
0
0
0
0
0
0
0
0
0
0
0
0
0
0
0
0
0
0
0
0
0
0
0
0
0
0
0
0
0
0
0
0
0
0
0
0
0
0
0
0
0
0
0
0
0
0
0
0
0
0
0
0
0
0
0
0
0
0
0
0
0
0
0
0
0
0
0
0
0
0
0
0
0
0
0
0
0
0
0
0
0
0
0
0
0
0
0
0
0
0
0
0
0
0
0
0
0
0
0
0
0
0
0
0
0
0
0
0
0
0
0
0
0
0
0
0
0
0
0
0
0
0
0
0
0
0
0
0
0
0
0
0
0
0
0
0
0
0
0
0
0
0
0
0
0
0
0
0
0
0
0
0
0
0
0
0
0
0
0
0
0
0
0
0
0
0
0
0
0
0
0
0
0
0
0
0
0
0
0
0
0
0
0
0
0
0
0
0
0
0
0
0
0
0
0
0
0
0
0
0
0
0
0
0
0
0
0
0
0
0
0
0
0
0
0
0
0
0
0
0
0
0
0
0
0
0
0
0
0
0
0
0
0
0
0
0
0
0
0
0
0
0
0
0
0
0
0
0
0
0
0
0
0
0
0
0
0
0
0
0
0
0
0
0
0
0
0
0
0
0
0
0
0
0
0
0
0
0
0
0
0
0
0
0
0
0
0
0
0
0
0
0
0
0
0
0
0
0
0
0
0
0
0
0
0
0
0
0
0
0
0
0
0
0
0
0
0
0
0
0
0
0
0
0
0
0
0
0
0
0
0
0
0
0
0
0
0
0
0
0
0
0
0
0
0
0
0
0
0
0
0
0
0
0
0
0
0
0
0
0
0
0
0
0
0
0
0
0
0
0
0
0
0
0
0
0
0
0
0
0
0
0
0
0
0
0
0
0
0
0
0
0
0
0
0
0
0
0
0
0
0
0
0
0
0
0
0
0
0
0
0
0
0
0
0
0
0
0
0
0
0
0
0
0
0
0
0
0
0
0
0
0
0
0
0
0
0
0
0
0
0
0
0
0
0
0
0
0
0
0
0
0
0
0
0
0
0
0
0
0
0
0
0
0
0
0
0
0
0
0
0
0
0
0
0
0
0
0
0
0
0
0
0
0
0
0
0
0
0
0
0
0
0
0
0
0
0
0
0
0
0
0
0
0
0
0
0
0
0
0
0
0
0
0
0
0
0
0
0
0
0
0
0
0
0
0
0
0
0
0
0
0
0
0
0
0
0
0
0
0
0
0
0
0
0
0
0
0
0
0
0
0
0
0
0
0
0
0
0
0
0
0
0
0
0
0
0
0
0
0
0
0
0
0
0
0
0
0
0
0
0
0
0
0
0
0
0
0
0
0
0
0
0
0
0
0
0
0
0
0
0
0
0
0
0
0
0
0
0
0
0
0
0
0
0
0
0
0
0
0
0
0
0
0
0
0
0
0
0
0
0
0
0
0
0
0
0
0
0
0
0
0
0
0
0
0
0
0
0
0
0
0
0
0
0
0
0
0
0
0
0
0
0
0
0
0
0
0
0
0
0
0
0
0
0
0
0
0
0
0
0
0
0
0
0
0
0
0
0
0
0
0
0
0
0
0
0
0
0
0
0
0
0
0
0
0
0
0
0
0
0
0
0
0
0
0
0
0
0
0
0
0
0
0
0
0
0
0
0
0
0
0
0
0
0
0
0
0
0
0
0
0
0
0
0
0
0
0
0
0
0
0
0
0
0
0
0
0
0
0
0
0
0
0
0
0
0
0
0
0
0
0
0
0
0
0
0
0
0
0
0
0
0
0
0
0
0
0
0
0
0
0
0
0
0
0
0
0
0
0
0
0
0
0
0
0
0
0
0
0
0
0
0
0
0
0
0
0
0
0
0
0
0
0
0
0
0
0
0
0
0
0
0
0
0
0
0
0
0
0
0
0
0
0
0
0
0
0
0
0
0
0
0
0
0
0
0
0
0
0
0
0
0
0
0
0
0
0
0
0
0
0
0
0
0
0
0
0
0
0
0
0
0
0
0
0
0
0
0
0
0
0
0
0
0
0
0
0
0
0
0
0
0
0
0
0
0
0
0
0
0
0
0
0
0
0
0
0
0
0
0
0
0
0
0
0
0
0
0
0
0
0
0
0
0
0
0
0
0
0
0
0
0
0
0
0
0
0
0
0
0
0
0
0
0
0
0
0
0
0
0
0
0
0
0
0
0
0
0
0
0
0
0
0
0
0
0
0
0
0
0
0
0
0
0
0
0
0
0
0
0
0
0
0
0
0
0
0
0
0
0
0
0
0
0
0
0
0
0
0
0
0
0
0
0
0
0
0
0
0
0
0
0
0
0
0
0
0
0
0
0
0
0
0
0
0
0
0
0
0
0
0
0
0
0
0
0
0
0
0
0
0
0
0
0
0
0
0
0
0
0
0
0
0
0
0
0
0
0
0
0
0
0
0
0
0
0
0
0
0
0
0
0
0
0
0
0
0
0
0
0
0
0
0
0
0
0
0
0
0
0
0
0
0
0
0
0
0
0
0
0
0
0
0
0
0
0
0
0
0
0
0
0
0
0
0
0
0
0
0
0
0
0
0
0
0
0
0
0
0
0
0
0
0
0
0
0
0
0
0
0
0
0
0
0
0
0
0
0
0
0
0
0
0
0
0
0
0
0
0
0
0
0
0
0
0
0
0
0
0
0
0
0
0
0
0
0
0
0
0
0
0
0
0
0
0
0
0
0
0
0
0
0
0
0
0
0
0
0
0
0
0
0
0
0
0
0
0
0
0
0
0
0
0
0
0
0
0
0
0
0
0
0
0
0
0
0
0
0
0
0
0
0
0
0
0
0
0
0
0
0
0
0
0
0
0
0
0
0
0
0
0
0
0
0
0
0
0
0
0
0
0
0
0
0
0
0
0
0
0
0
0
0
0
0
0
0
0
0
0
0
0
0
0
0
0
0
0
0
0
0
0
0
0
0
0
0
0
0
0
0
0
0
0
0
0
0
0
0
0
0
0
0
0
0
0
0
0
0
0
0
0
0
0
0
0
0
0
0
0
0
0
0
0
0
0
0
0
0
0
0
0
0
0
0
0
0
0
0
0
0
0
0
0
0
0
0
0
0
0
0
0
0
0
0
0
0
0
0
0
0
0
0
0
0
0
0
0
0
0
0
0
0
0
0
0
0
0
0
0
0
0
0
0
0
0
0
0
0
0
0
0
0
0
0
0
0
0
0
0
0
0
0
0
0
0
0
0
0
0
0
0
0
0
0
0
0
0
0
0
0
0
0
0
0
0
0
0
0
0
0
0
0
0
0
0
0
0
0
0
0
0
0
0
0
0
0
0
0
0
0
0
0
0
0
0
0
0
0
0
0
0
0
0
0
0
0
0
0
0
0
0
0
0
0
0
0
0
0
0
0
0
0
0
0
0
0
0
0
0
0
0
0
0
0
0
0
0
0
0
0
0
0
0
0
0
0
0
0
0
0
0
0
0
0
0
0
0
0
0
0
0
0
0
0
0
0
0
0
0
0
0
0
0
0
0
0
0
0
0
0
0
0
0
0
0
0
0
0
0
0
0
0
0
0
0
0
0
0
0
0
0
0
0
0
0
0
0
0
0
0
0
0
0
0
0
0
0
0
0
0
0
0
0
0
0
0
0
0
0
0
0
0
0
0
0
0
0
0
0
0
0
0
0
0
0
0
0
0
0
0
0
0
0
0
0
0
0
0
0
0
0
0
0
0
0
0
0
0
0
0
0
0
0
0
0
0
0
0
0
0
0
0
0
0
0
0
0
0
0
0
0
0
0
0
0
0
0
0
0
0
0
0
0
0
0
0
0
0
0
0
0
0
0
0
0
0
0
0
0
0
0
0
0
0
0
0
0
0
0
0
0
0
0
0
0
0
0
0
0
0
0
0
0
0
0
0
0
0
0
0
0
0
0
0
0
0
0
0
0
0
0
0
0
0
0
0
0
0
0
0
0
0
0
0
0
0
0
0
0
0
0
0
0
0
0
0
0
0
0
0
0
0
0
0
0
0
0
0
0
0
0
0
0
0
0
0
0
0
0
0
0
0
0
0
0
0
0
0
0
0
0
0
0
0
0
0
0
0
0
0
0
0
0
0
0
0
0
0
0
0
0
0
0
0
0
0
0
0
0
0
0
0
0
0
0
0
0
0
0
0
0
0
0
0
0
0
0
0
0
0
0
0
0
0
0
0
0
0
0
0
0
0
0
0
0
0
0
0
0
0
0
0
0
0
0
0
0
0
0
0
0
0
0
0
0
0
0
0
0
0
0
0
0
0
0
0
0
0
0
0
0
0
0
0
0
0
0
0
0
0
0
0
0
0
0
0
0
0
0
0
0
0
0
0
0
0
0
0
0
0
0
0
0
0
0
0
0
0
0
0
0
0
0
0
0
0
0
0
0
0
0
0
0
0
0
0
0
0
0
0
0
0
0
0
0
0
0
0
0
0
0
0
0
0
0
0
0
0
0
0
0
0
0
0
0
0
0
0
0
0
0
0
0
0
0
0
0
0
0
0
0
0
0
0
0
0
0
0
0
0
0
0
0
0
0
0
0
0
0
0
0
0
0
0
0
0
0
0
0
0
0
0
0
0
0
0
0
0
0
0
0
0
0
0
0
0
0
0
0
0
0
0
0
0
0
0
0
0
0
0
0
0
0
0
0
0
0
0
0
0
0
0
0
0
0
0
0
0
0
0
0
0
0
0
0
0
0
0
0
0
0
0
0
0
0
0
0
0
0
0
0
0
0
0
0
0
0
0
0
0
0
0
0
0
0
0
0
0
0
0
0
0
0
0
0
0
0
0
0
0
0
0
0
0
0
0
0
0
0
0
0
0
0
0
0
0
0
0
0
0
0
0
0
0
0
0
0
0
0
0
0
0
0
0
0
0
0
0
0
0
0
0
0
0
0
0
0
0
0
0
0
0
0
0
0
0
0
0
0
0
0
0
0
0
0
0
0
0
0
0
0
0
0
0
0
0
0
0
0
0
0
0
0
0
0
0
0
0
0
0
0
0
0
0
0
0
0
0
0
0
0
0
0
0
0
0
0
0
0
0
0
0
0
0
0
0
0
0
0
0
0
0
0
0
0
0
0
0
0
0
0
0
0
0
0
0
0
0
0
0
0
0
0
0
0
0
0
0
0
0
0
0
0
0
0
0
0
0
0
0
0
0
0
0
0
0
0
0
0
0
0
0
0
0
0
0
0
0
0
0
0
0
0
0
0
0
0
0
0
0
0
0
0
0
0
0
0
0
0
0
0
0
0
0
0
0
0
0
0
0
0
0
0
0
0
0
0
0
0
0
0
0
0
0
0
0
0
0
0
0
0
0
0
0
0
0
0
0
0
0
0
0
0
0
0
0
0
0
0
0
0
0
0
0
0
0
0
0
0
0
0
0
0
0
0
0
0
0
0
0
0
0
0
0
0
0
0
0
0
0
0
0
0
0
0
0
0
0
0
0
0
0
0
0
0
0
0
0
0
0
0
0
0
0
0
0
0
0
0
0
0
0
0
0
0
0
0
0
0
0
0
0
0
0
0
0
0
0
0
0
0
0
0
0
0
0
0
0
0
0
0
0
0
0
0
0
0
0
0
0
0
0
0
0
0
0
0
0
0
0
0
0
0
0
0
0
0
0
0
0
0
0
0
0
0
0
0
0
0
0
0
0
0
0
0
0
0
0
0
0
0
0
0
0
0
0
0
0
0
0
0
0
0
0
0
0
0
0
0
0
0
0
0
0
0
0
0
0
0
0
0
0
0
0
0
0
0
0
0
0
0
0
0
0
0
0
0
0
0
0
0
0
0
0
0
0
0
0
0
0
0
0
0
0
0
0
0
0
0
0
0
0
0
0
0
0
0
0
0
0
0
0
0
0
0
0
0
0
0
0
0
0
0
0
0
0
0
0
0
0
0
0
0
0
0
0
0
0
0
0
0
0
0
0
0
0
0
0
0
0
0
0
0
0
0
0
0
0
0
0
0
0
0
0
0
0
0
0
0
0
0
0
0
0
0
0
0
0
0
0
0
0
0
0
0
0
0
0
0
0
0
0
0
0
0
0
0
0
0
0
0
0
0
0
0
0
0
0
0
0
0
0
0
0
0
0
0
0
0
0
0
0
0
0
0
0
0
0
0
0
0
0
0
0
0
0
0
0
0
0
0
0
0
0
0
0
0
0
0
0
0
0
0
0
0
0
0
0
0
0
0
0
0
0
0
0
0
0
0
0
0
0
0
0
0
0
0
0
0
0
0
0
0
0
0
0
0
0
0
0
0
0
0
0
0
0
0
0
0
0
0
0
0
0
0
0
0
0
0
0
0
0
0
0
0
0
0
0
0
0
0
0
0
0
0
0
0
0
0
0
0
0
0
0
0
0
0
0
0
0
0
0
0
0
0
0
0
0
0
0
0
0
0
0
0
0
0
0
0
0
0
0
0
0
0
0
0
0
0
0
0
0
0
0
0
0
0
0
0
0
0
0
0
0
0
0
0
0
0
0
0
0
0
0
0
0
0
0
0
0
0
0
0
0
0
0
0
0
0
0
0
0
0
0
0
0
0
0
0
0
0
0
0
0
0
0
0
0
0
0
0
0
0
0
0
0
0
0
0
0
0
0
0
0
0
0
0
0
0
0
0
0
0
0
0
0
0
0
0
0
0
0
0
0
0
0
0
0
0
0
0
0
0
0
0
0
0
0
0
0
0
0
0
0
0
0
0
0
0
0
0
0
0
0
0
0
0
0
0
0
0
0
0
0
0
0
0
0
0
0
0
0
0
0
0
0
0
0
0
0
0
0
0
0
0
0
0
0
0
0
0
0
0
0
0
0
0
0
0
0
0
0
0
0
0
0
0
0
0
0
0
0
0
0
0
0
0
0
0
0
0
0
0
0
0
0
0
0
0
0
0
0
0
0
0
0
0
0
0
0
0
0
0
0
0
0
0
0
0
0
0
0
0
0
0
0
0
0
0
0
0
0
0
0
0
0
0
0
0
0
0
0
0
0
0
0
0
0
0
0
0
0
0
0
0
0
0
0
0
0
0
0
0
0
0
0
0
0
0
0
0
0
0
0
0
0
0
0
0
0
0
0
0
0
0
0
0
0
0
0
0
0
0
0
0
0
0
0
0
0
0
0
0
0
0
0
0
0
0
0
0
0
0
0
0
0
0
0
0
0
0
0
0
0
0
0
0
0
0
0
0
0
0
0
0
0
0
0
0
0
0
0
0
0
0
0
0
0
0
0
0
0
0
0
0
0
0
0
0
0
0
0
0
0
0
0
0
0
0
0
0
0
0
0
0
0
0
0
0
0
0
0
0
0
0
0
0
0
0
0
0
0
0
0
0
0
0
0
0
0
0
0
0
0
0
0
0
0
0
0
0
0
0
0
0
0
0
0
0
0
0
0
0
0
0
0
0
0
0
0
0
0
0
0
0
0
0
0
0
0
0
0
0
0
0
0
0
0
0
0
0
0
0
0
0
0
0
0
0
0
0
0
0
0
0
0
0
0
0
0
0
0
0
0
0
0
0
0
0
0
0
0
0
0
0
0
0
0
0
0
0
0
0
0
0
0
0
0
0
0
0
0
0
0
0
0
0
0
0
0
0
0
0
0
0
0
0
0
0
0
0
0
0
0
0
0
0
0
0
0
0
0
0
0
0
0
0
0
0
0
0
0
0
0
0
0
0
0
0
0
0
0
0
0
0
0
0
0
0
0
0
0
0
0
0
0
0
0
0
0
0
0
0
0
0
0
0
0
0
0
0
0
0
)
;

boundaryField
{
    inlet
    {
        type            calculated;
        value           nonuniform List<scalar> 
20
(
-7.42428e-06
-7.42428e-06
-7.42428e-06
-7.42428e-06
-7.42428e-06
-7.42428e-06
-7.42428e-06
-7.42428e-06
-7.42428e-06
-7.42428e-06
-7.42428e-06
-7.42428e-06
-7.42428e-06
-7.42428e-06
-7.42428e-06
-7.42428e-06
-7.42428e-06
-7.42428e-06
-7.42428e-06
-7.42428e-06
)
;
    }
    outlet
    {
        type            calculated;
        value           uniform 0;
    }
    frontAndBack
    {
        type            empty;
    }
    topAndBottom
    {
        type            calculated;
        value           uniform 0;
    }
    defaultFaces
    {
        type            empty;
    }
}


// ************************************************************************* //
