/*--------------------------------*- C++ -*----------------------------------*\
  =========                 |
  \\      /  F ield         | OpenFOAM: The Open Source CFD Toolbox
   \\    /   O peration     | Website:  https://openfoam.org
    \\  /    A nd           | Version:  11
     \\/     M anipulation  |
\*---------------------------------------------------------------------------*/
FoamFile
{
    format      ascii;
    class       surfaceScalarField;
    location    "14";
    object      phi;
}
// * * * * * * * * * * * * * * * * * * * * * * * * * * * * * * * * * * * * * //

dimensions      [0 3 -1 0 0 0 0];

internalField   nonuniform List<scalar> 
5320
(
0
0
0
0
0
0
0
0
0
0
0
0
0
0
0
0
0
0
0
0
0
0
0
0
0
0
0
0
0
0
0
0
0
0
0
0
0
0
0
0
0
0
0
0
0
0
0
0
0
0
0
0
0
0
0
0
0
0
0
0
0
0
0
0
0
0
0
0
0
0
0
0
0
0
0
0
0
0
0
0
0
0
0
0
0
0
0
0
0
0
0
0
0
0
0
0
0
0
0
0
0
0
0
0
0
0
0
0
0
0
0
0
0
0
0
0
0
0
0
0
0
0
0
0
0
0
0
0
0
0
0
0
0
0
0
0
0
0
0
0
0
0
0
0
0
0
0
0
0
0
0
0
0
0
0
0
0
0
0
0
0
0
0
0
0
0
0
0
0
0
0
0
0
0
0
0
0
0
0
0
0
0
0
0
0
0
0
0
0
0
0
0
0
0
0
0
0
0
0
0
0
0
0
0
0
0
0
0
0
0
0
0
0
0
0
0
0
0
0
0
0
0
0
0
0
0
0
0
0
0
0
0
0
0
0
0
0
0
0
0
0
0
0
0
0
0
0
0
0
0
0
0
0
0
0
0
0
0
0
0
0
0
0
0
0
0
0
0
0
0
0
0
0
0
0
0
0
0
0
0
0
0
0
0
0
0
0
0
0
0
0
0
0
0
0
0
0
0
0
0
0
0
0
0
0
0
0
0
0
0
0
0
0
0
0
0
0
0
0
0
0
0
0
0
0
0
0
0
0
0
0
0
0
0
0
0
0
0
0
0
0
0
0
0
0
0
0
0
0
0
0
0
0
0
0
0
0
0
0
0
0
0
0
0
0
0
0
0
0
0
0
0
0
0
0
0
0
0
0
0
0
0
0
0
0
0
0
0
0
0
0
0
0
0
0
0
0
0
0
0
0
0
0
0
0
0
0
0
0
0
0
0
0
0
0
0
0
0
0
0
0
0
0
0
0
0
0
0
0
0
0
0
0
0
0
0
0
0
0
0
0
0
0
0
0
0
0
0
0
0
0
0
0
0
0
0
0
0
0
0
0
0
0
0
0
0
0
0
0
0
0
0
0
0
0
0
0
0
0
0
0
0
0
0
0
0
0
0
0
0
0
0
0
0
0
0
0
0
0
0
0
0
0
0
0
0
0
0
0
0
0
0
0
0
0
0
0
0
0
0
0
0
0
0
0
0
0
0
0
0
0
0
0
0
0
0
0
0
0
0
0
0
0
0
0
0
0
0
0
0
0
0
0
0
0
0
0
0
0
0
0
0
0
0
0
0
0
0
0
0
0
0
0
0
0
0
0
0
0
0
0
0
0
0
0
0
0
0
0
0
0
0
0
0
0
0
0
0
0
0
0
0
0
0
0
0
0
0
0
0
0
0
0
0
0
0
0
0
0
0
0
0
0
0
0
0
0
0
0
0
0
0
0
0
0
0
0
0
0
0
0
0
0
0
0
0
0
0
0
0
0
0
0
0
0
0
0
0
0
0
0
0
0
0
0
0
0
0
0
0
0
0
0
0
0
0
0
0
0
0
0
0
0
0
0
0
0
0
0
0
0
0
0
0
0
0
0
0
0
0
0
0
0
0
0
0
0
0
0
0
0
0
0
0
0
0
0
0
0
0
0
0
0
0
0
0
0
0
0
0
0
0
0
0
0
0
0
0
0
0
0
0
0
0
0
0
0
0
0
0
0
0
0
0
0
0
0
0
0
0
3.09944e-06
1.52588e-05
-6.4373e-06
7.62939e-06
-7.15256e-06
7.62939e-06
-9.05991e-06
1.52588e-05
-1.85966e-05
0
-1.75238e-05
-7.62939e-06
-2.43187e-05
0
-2.76566e-05
1.52588e-05
-2.71797e-05
1.52588e-05
-2.94447e-05
7.62939e-06
-3.49283e-05
0
-2.87294e-05
-1.52588e-05
-2.32458e-05
1.52588e-05
-2.63453e-05
0
-1.62125e-05
0
-4.64916e-06
-1.52588e-05
-1.15633e-05
0
-4.05312e-06
0
-2.26498e-06
1.52588e-05
0
3.09944e-06
0
-8.8558e-06
-1.02732e-05
-6.04426e-06
0
-7.47492e-06
0
-2.39835e-05
-5.62327e-06
-1.40091e-05
-8.6928e-06
-2.73696e-05
0
-3.15848e-05
2.78695e-05
-2.36934e-05
-1.52588e-05
-2.61866e-05
1.5406e-05
-4.41734e-05
0
-2.7088e-05
-1.87256e-05
-1.97478e-05
0
-3.28718e-05
1.52588e-05
-1.8363e-05
0
-4.41074e-06
-1.78186e-05
-1.53354e-05
0
-3.22075e-06
0
-2.38419e-06
7.58992e-05
0
2.86102e-06
6.29973e-06
-8.35679e-06
-3.07185e-05
-6.20909e-06
8.86859e-06
-7.69914e-06
-1.8422e-05
-2.43013e-05
-4.08334e-05
-1.3904e-05
-8.987e-06
-2.65688e-05
0
-3.34291e-05
0
-2.36164e-05
-7.62939e-06
-2.72992e-05
-2.1203e-05
-4.29338e-05
0
-2.58683e-05
-3.54029e-06
-1.86997e-05
0
-3.2132e-05
2.49172e-05
-1.83032e-05
-9.84248e-07
-4.29153e-06
-1.71214e-05
-1.47649e-05
0
-3.21136e-06
3.67518e-05
-2.74181e-06
7.82944e-05
1.52588e-05
2.38419e-06
1.20496e-05
-7.55786e-06
-1.83215e-05
-8.33757e-06
7.62939e-06
-7.38823e-06
0
-2.25358e-05
-2.08233e-05
-1.37088e-05
0
-2.65218e-05
0
-3.2875e-05
7.62939e-06
-2.33692e-05
0
-2.62405e-05
-1.52782e-05
-4.52868e-05
-3.65521e-05
-2.79726e-05
-2.31837e-05
-1.9761e-05
-5.21537e-05
-3.47734e-05
-1.52588e-05
-1.96308e-05
1.22895e-05
-4.29153e-06
-3.90868e-05
-1.48963e-05
0
-3.45401e-06
5.64049e-05
-3.09944e-06
3.96693e-05
3.05176e-05
1.66893e-06
6.53058e-06
-6.63674e-06
-3.81488e-05
-8.16613e-06
2.92675e-05
-8.00039e-06
-6.09966e-06
-2.40521e-05
-5.09408e-05
-1.40021e-05
-3.21664e-05
-2.57054e-05
-7.62939e-06
-3.36039e-05
0
-2.33439e-05
0
-2.57834e-05
2.28882e-05
-4.33545e-05
-2.10364e-05
-2.61708e-05
-1.87547e-05
-1.79704e-05
-1.51843e-05
-3.18813e-05
1.86822e-05
-1.92321e-05
3.99749e-05
-4.05312e-06
-1.87481e-05
-1.53748e-05
-2.95598e-05
-3.33786e-06
1.25168e-05
-3.09944e-06
8.76282e-05
3.05176e-05
7.15256e-07
1.90746e-05
-4.84566e-06
0
-1.02062e-05
7.62939e-06
-8.18521e-06
-2.16357e-05
-2.17233e-05
-1.95729e-05
-1.33763e-05
-2.14143e-05
-2.58866e-05
0
-3.41262e-05
-2.11665e-05
-2.26459e-05
5.78819e-06
-2.75201e-05
2.62834e-05
-4.37234e-05
-3.5502e-06
-2.82803e-05
-3.63794e-05
-1.85423e-05
-1.24502e-05
-3.25985e-05
-3.00419e-06
-2.02816e-05
1.16854e-05
-4.17233e-06
0
-1.42309e-05
-4.53992e-05
-2.98023e-06
4.5189e-05
-3.57628e-06
4.07395e-05
1.52588e-05
4.76837e-07
7.62939e-06
-4.59999e-06
-2.03115e-05
-1.07629e-05
3.00545e-05
-8.19503e-06
-1.00357e-05
-2.29291e-05
-4.07221e-05
-1.32593e-05
-1.98465e-05
-2.71738e-05
0
-3.21947e-05
-7.62939e-06
-2.23788e-05
2.03345e-05
-2.89031e-05
4.44499e-05
-4.25183e-05
-3.05176e-05
-2.70583e-05
0
-1.83552e-05
-2.40353e-05
-3.16409e-05
2.71844e-05
-2.08548e-05
3.82244e-05
-4.41074e-06
0
-1.36759e-05
-3.01764e-05
-3.21865e-06
1.52588e-05
-3.8147e-06
1.52588e-05
0
0
5.90395e-06
-2.91903e-06
0
-1.19453e-05
1.00018e-05
-8.38581e-06
8.5445e-06
-2.1567e-05
-1.78815e-05
-1.29547e-05
0
-2.85817e-05
-1.83581e-05
-3.28957e-05
-3.05338e-05
-2.18702e-05
7.62939e-06
-3.32497e-05
5.66786e-05
-4.37146e-05
-4.04323e-05
-2.83673e-05
0
-1.75095e-05
-3.36632e-05
-3.17543e-05
3.85199e-05
-2.15137e-05
3.91256e-05
-4.56358e-06
-1.49025e-09
-1.26442e-05
-1.52861e-05
-2.86102e-06
0
-3.69549e-06
5.83297e-05
1.52588e-05
-2.38419e-07
0
-2.62174e-06
-6.75174e-06
-1.18025e-05
-7.62939e-06
-8.93881e-06
1.01003e-05
-2.14243e-05
0
-1.30667e-05
0
-2.87563e-05
-9.84528e-06
-3.16131e-05
-4.03567e-05
-2.12571e-05
0
-3.87765e-05
5.39914e-05
-4.29136e-05
-3.90874e-05
-3.11331e-05
-5.58744e-05
-1.74069e-05
-4.05812e-05
-3.19573e-05
1.21598e-05
-2.20703e-05
5.52069e-05
-4.76837e-06
1.25588e-05
-1.24679e-05
0
-2.6226e-06
0
-3.93391e-06
6.01156e-05
3.05176e-05
-2.38419e-07
-1.01516e-05
-2.67083e-06
-1.83866e-05
-1.12742e-05
0
-9.17053e-06
-7.62939e-06
-2.12843e-05
9.86092e-06
-1.32295e-05
9.93578e-06
-2.92851e-05
-3.02274e-05
-2.96799e-05
-1.37271e-05
-1.97106e-05
2.09765e-05
-3.92283e-05
9.1929e-05
-3.95599e-05
-4.02197e-05
-2.84587e-05
1.76516e-05
-1.65829e-05
0
-3.23833e-05
0
-2.31325e-05
3.68192e-05
-5.126e-06
1.29909e-05
-1.30243e-05
-2.01169e-05
-2.5034e-06
0
-4.41074e-06
1.22611e-05
1.52588e-05
-4.76837e-07
0
-2.50285e-06
-2.79909e-05
-1.17465e-05
-1.9202e-05
-8.74774e-06
0
-2.17112e-05
0
-1.35551e-05
0
-2.8957e-05
0
-3.02643e-05
-2.98174e-05
-2.03165e-05
1.28643e-05
-4.44575e-05
3.95193e-05
-3.96493e-05
-2.00993e-05
-3.19201e-05
0
-1.6663e-05
0
-2.98537e-05
3.57842e-05
-2.32345e-05
2.52038e-05
-5.36442e-06
2.98664e-05
-1.26557e-05
-9.60985e-06
-2.14577e-06
0
-4.05312e-06
3.91733e-05
1.52588e-05
-7.69984e-07
-7.62939e-06
-2.42074e-06
0
-1.09143e-05
0
-8.8046e-06
7.56938e-06
-2.14165e-05
0
-1.37555e-05
0
-2.96895e-05
-1.01352e-05
-2.86026e-05
0
-1.95216e-05
0
-4.46393e-05
1.29795e-05
-3.76212e-05
-1.80428e-05
-3.10161e-05
1.98953e-05
-1.64402e-05
1.52371e-05
-3.01103e-05
0
-2.32747e-05
7.60298e-05
-5.96046e-06
1.36718e-05
-1.2928e-05
-5.97516e-05
-2.14577e-06
-1.46008e-05
-4.17233e-06
3.01529e-05
0
-6.30508e-07
7.62939e-06
-2.2061e-06
-2.04843e-05
-1.07041e-05
7.62939e-06
-8.99418e-06
7.62939e-06
-2.1616e-05
-7.62939e-06
-1.38557e-05
-1.01671e-05
-2.99833e-05
-1.09788e-05
-2.90441e-05
-9.80281e-06
-1.89688e-05
1.15399e-05
-4.40011e-05
4.43547e-06
-3.72306e-05
1.98789e-05
-3.23245e-05
0
-1.63809e-05
1.52588e-05
-2.97927e-05
-1.41373e-05
-2.43224e-05
5.92247e-05
-6.31809e-06
2.8141e-05
-1.15292e-05
-4.43868e-05
-1.78814e-06
1.46119e-05
-4.52995e-06
0
1.52588e-05
-9.53418e-07
0
-1.97203e-06
-2.18448e-05
-1.08145e-05
0
-9.30311e-06
2.0303e-05
-2.15702e-05
-9.1839e-06
-1.3789e-05
-5.90598e-06
-2.98863e-05
-2.00211e-05
-2.85554e-05
-1.39385e-05
-1.95464e-05
0
-4.60795e-05
-1.40185e-05
-3.76941e-05
1.99491e-05
-3.2424e-05
1.91224e-05
-1.7028e-05
-3.1545e-05
-2.69378e-05
0
-2.47467e-05
7.713e-05
-6.79493e-06
1.60878e-05
-1.11367e-05
-3.0342e-05
-1.78814e-06
1.2476e-05
-4.29153e-06
2.03053e-05
0
-2.05695e-06
-2.0324e-05
-2.14577e-06
-7.62939e-06
-1.01349e-05
0
-1.02364e-05
0
-2.15308e-05
-2.76576e-05
-1.39591e-05
-2.96223e-05
-2.90808e-05
-1.40828e-05
-2.72294e-05
0
-1.95603e-05
0
-4.50267e-05
1.09172e-06
-3.92618e-05
1.8178e-05
-3.29597e-05
-1.72982e-05
-1.61728e-05
1.52588e-05
-2.64282e-05
1.8712e-05
-2.64434e-05
4.75149e-05
-6.53678e-06
1.94741e-05
-1.05516e-05
-2.6122e-05
-1.90735e-06
0
-4.52995e-06
-1.52588e-05
1.52588e-05
-1.47732e-06
-1.01346e-05
-1.86922e-06
-2.01959e-05
-1.02977e-05
-1.01121e-05
-1.07357e-05
-7.62939e-06
-2.07086e-05
-2.43954e-05
-1.37056e-05
-1.52588e-05
-2.963e-05
-1.78171e-05
-2.84147e-05
-1.72438e-05
-1.96314e-05
-6.18208e-06
-4.38622e-05
-2.03383e-05
-3.77673e-05
2.02599e-05
-3.188e-05
-6.46181e-07
-1.67607e-05
1.86985e-05
-2.57864e-05
0
-2.6907e-05
4.26489e-05
-6.79803e-06
0
-9.90247e-06
-1.22272e-05
-1.90735e-06
4.69457e-06
-4.17233e-06
-1.52588e-05
0
-1.9314e-06
-6.63723e-06
-1.90735e-06
-6.4914e-06
-1.03689e-05
-7.62939e-06
-1.12399e-05
-2.80136e-05
-2.03576e-05
0
-1.37807e-05
-1.52588e-05
-2.89532e-05
-1.26049e-05
-2.75266e-05
0
-1.89577e-05
7.62939e-06
-4.20681e-05
1.23877e-05
-4.0342e-05
4.96926e-06
-3.3173e-05
-2.01572e-05
-1.70957e-05
0
-2.4008e-05
0
-2.65235e-05
2.72265e-05
-6.7118e-06
3.45585e-05
-1.02802e-05
-2.38698e-05
-2.26498e-06
0
-4.17233e-06
-3.24809e-05
0
-1.64125e-06
-1.52588e-05
-1.33707e-06
-2.02236e-05
-1.04642e-05
-1.22603e-05
-1.00887e-05
0
-2.12136e-05
0
-1.3655e-05
0
-2.85789e-05
-1.52588e-05
-2.7649e-05
7.62939e-06
-1.94405e-05
0
-4.30052e-05
4.09013e-05
-3.99194e-05
0
-3.06935e-05
-1.52588e-05
-1.71351e-05
0
-2.26829e-05
-1.80854e-05
-2.74291e-05
1.8384e-05
-6.84423e-06
0
-9.55027e-06
-2.3279e-05
-2.38419e-06
-2.0103e-05
-3.69549e-06
0
1.52588e-05
-2.42837e-06
-1.52588e-05
-1.73057e-06
0
-1.00435e-05
-7.62939e-06
-1.03006e-05
0
-2.12007e-05
-1.52588e-05
-1.39588e-05
0
-2.82807e-05
0
-2.86088e-05
7.62939e-06
-1.95114e-05
0
-4.50444e-05
0
-4.05175e-05
1.52588e-05
-3.05468e-05
0
-1.67383e-05
0
-2.15873e-05
1.52588e-05
-2.72433e-05
0
-6.76107e-06
1.52588e-05
-8.88311e-06
0
-2.26498e-06
0
-3.8147e-06
0
1.52588e-05
-1.43051e-06
-2.14577e-06
-7.98702e-06
-1.21593e-05
-1.70469e-05
-1.71661e-05
-2.40803e-05
-2.58684e-05
-2.37226e-05
-3.57628e-05
-3.54052e-05
-2.83718e-05
-2.09808e-05
-2.15769e-05
-2.11e-05
-8.58307e-06
-7.39098e-06
-2.14577e-06
-3.93391e-06
0
0
0
0
0
0
0
0
0
0
0
0
0
0
0
0
0
0
0
0
0
0
0
0
0
0
0
0
0
0
0
0
0
0
0
0
0
0
0
0
0
0
0
0
0
0
0
0
0
0
0
0
0
0
0
0
0
0
0
0
0
0
0
0
0
0
0
0
0
0
0
0
0
0
0
0
0
0
0
0
0
0
0
0
0
0
0
0
0
0
0
0
0
0
0
0
0
0
0
0
0
0
0
0
0
0
0
0
0
0
0
0
0
0
0
0
0
0
0
0
0
0
0
0
0
0
0
0
0
0
0
0
0
0
0
0
0
0
0
0
0
0
0
0
0
0
0
0
0
0
0
0
0
0
0
0
0
0
0
0
0
0
0
0
0
0
0
0
0
0
0
0
0
0
0
0
0
0
0
0
0
0
0
0
0
0
0
0
0
0
0
0
0
0
0
0
0
0
0
0
0
0
0
0
0
0
0
0
0
0
0
0
0
0
0
0
0
0
0
0
0
0
0
0
0
0
0
0
0
0
0
0
0
0
0
0
0
0
0
0
0
0
0
0
0
0
0
0
0
0
0
0
0
0
0
0
0
0
0
0
0
0
0
0
0
0
0
0
0
0
0
0
0
0
0
0
0
0
0
0
0
0
0
0
0
0
0
0
0
0
0
0
0
0
0
0
0
0
0
0
0
0
0
0
0
0
0
0
0
0
0
0
0
0
0
0
0
0
0
0
0
0
0
0
0
0
0
0
0
0
0
0
0
0
0
0
0
0
0
0
0
0
0
0
0
0
0
0
0
0
0
0
0
0
0
0
0
0
0
0
0
0
0
0
0
0
0
0
0
0
0
0
0
0
0
0
0
0
0
0
0
0
0
0
0
0
0
0
0
0
0
0
0
0
0
0
0
0
0
0
0
0
0
0
0
0
0
0
0
0
0
0
0
0
0
0
0
0
0
0
0
0
0
0
0
0
0
0
0
0
0
0
0
0
0
0
0
0
0
0
0
0
0
0
0
0
0
0
0
0
0
0
0
0
0
0
0
0
0
0
0
0
0
0
0
0
0
0
0
0
0
0
0
0
0
0
0
0
0
0
0
0
0
0
0
0
0
0
0
0
0
0
0
0
0
0
0
0
0
0
0
0
0
0
0
0
0
0
0
0
0
0
0
0
0
0
0
0
0
0
0
0
0
0
0
0
0
0
0
0
0
0
0
0
0
0
0
0
0
0
0
0
0
0
0
0
0
0
0
0
0
0
0
0
0
0
0
0
0
0
0
0
0
0
0
0
0
0
0
0
0
0
0
0
0
0
0
0
0
0
0
0
0
0
0
0
0
0
0
0
0
0
0
0
0
0
0
0
0
0
0
0
0
0
0
0
0
0
0
0
0
0
0
0
0
0
0
0
0
0
0
0
0
0
0
0
0
0
0
0
0
0
0
0
0
0
0
0
0
0
0
0
0
0
0
0
0
0
0
0
0
0
0
0
0
0
0
0
0
0
0
0
0
0
0
0
0
0
0
0
0
0
0
0
0
0
0
0
0
0
0
0
0
0
0
0
0
0
0
0
0
0
0
0
0
0
0
0
0
0
0
0
0
0
0
0
0
0
0
0
0
0
0
0
0
0
0
0
0
0
0
0
0
0
0
0
0
0
0
0
0
0
0
0
0
0
0
0
0
0
0
0
0
0
0
0
0
0
0
0
0
0
0
0
0
0
0
0
0
0
0
0
0
0
0
0
0
0
0
0
0
0
0
0
0
0
0
0
0
0
0
0
0
0
0
0
0
0
0
0
0
0
0
0
0
0
0
0
0
0
0
0
0
0
0
0
0
0
0
0
0
0
0
0
0
0
0
0
0
0
0
0
0
0
0
0
0
0
0
0
0
0
0
0
0
0
0
0
0
0
0
0
0
0
0
0
0
0
0
0
0
0
0
0
0
0
0
0
0
0
0
0
0
0
0
0
0
0
0
0
0
0
0
0
0
0
0
0
0
0
0
0
0
0
0
0
0
0
0
0
0
0
0
0
0
0
0
0
0
0
0
0
0
0
0
0
0
0
0
0
0
0
0
0
0
0
0
0
0
0
0
0
0
0
0
0
0
0
0
0
0
0
0
0
0
0
0
0
0
0
0
0
0
0
0
0
0
0
0
0
0
0
0
0
0
0
0
0
0
0
0
0
0
0
0
0
0
0
0
0
0
0
0
0
0
0
0
0
0
0
0
0
0
0
0
0
0
0
0
0
0
0
0
0
0
0
0
0
0
0
0
0
0
0
0
0
0
0
0
0
0
0
0
0
0
0
0
0
0
0
0
0
0
0
0
0
0
0
0
0
0
0
0
0
0
0
0
0
0
0
0
0
0
0
0
0
0
0
0
0
0
0
0
0
0
0
0
0
0
0
0
0
0
0
0
0
0
0
0
0
0
0
0
0
0
0
0
0
0
0
0
0
0
0
0
0
0
0
0
0
0
0
0
0
0
0
0
0
0
0
0
0
0
0
0
0
0
0
0
0
0
0
0
0
0
0
0
0
0
0
0
0
0
0
0
0
0
0
0
0
0
0
0
0
0
0
0
0
0
0
0
0
0
0
0
0
0
0
0
0
0
0
0
0
0
0
0
0
0
0
0
0
0
0
0
0
0
0
0
0
0
0
0
0
0
0
0
0
0
0
0
0
0
0
0
0
0
0
0
0
0
0
0
0
0
0
0
0
0
0
0
0
0
0
0
0
0
0
0
0
0
0
0
0
0
0
0
0
0
0
0
0
0
0
0
0
0
0
0
0
0
0
0
0
0
0
0
0
0
0
0
0
0
0
0
0
0
0
0
0
0
0
0
0
0
0
0
0
0
0
0
0
0
0
0
0
0
0
0
0
0
0
0
0
0
0
0
0
0
0
0
0
0
0
0
0
0
0
0
0
0
0
0
0
0
0
0
0
0
0
0
0
0
0
0
0
0
0
0
0
0
0
0
0
0
0
0
0
0
0
0
0
0
0
0
0
0
0
0
0
0
0
0
0
0
0
0
0
0
0
0
0
0
0
0
0
0
0
0
0
0
0
0
0
0
0
0
0
0
0
0
0
0
0
0
0
0
0
0
0
0
0
0
0
0
0
0
0
0
0
0
0
0
0
0
0
0
0
0
0
0
0
0
0
0
0
0
0
0
0
0
0
0
0
0
0
0
0
0
0
0
0
0
0
0
0
0
0
0
0
0
0
0
0
0
0
0
0
0
0
0
0
0
0
0
0
0
0
0
0
0
0
0
0
0
0
0
0
0
0
0
0
0
0
0
0
0
0
0
0
0
0
0
0
0
0
0
0
0
0
0
0
0
0
0
0
0
0
0
0
0
0
0
0
0
0
0
0
0
0
0
0
0
0
0
0
0
0
0
0
0
0
0
0
0
0
0
0
0
0
0
0
0
0
0
0
0
0
0
0
0
0
0
0
0
0
0
0
0
0
0
0
0
0
0
0
0
0
0
0
0
0
0
0
0
0
0
0
0
0
0
0
0
0
0
0
0
0
0
0
0
0
0
0
0
0
0
0
0
0
0
0
0
0
0
0
0
0
0
0
0
0
0
0
0
0
0
0
0
0
0
0
0
0
0
0
0
0
0
0
0
0
0
0
0
0
0
0
0
0
0
0
0
0
0
0
0
0
0
0
0
0
0
0
0
0
0
0
0
0
0
0
0
0
0
0
0
0
0
0
0
0
0
0
0
0
0
0
0
0
0
0
0
0
0
0
0
0
0
0
0
0
0
0
0
0
0
0
0
0
0
0
0
0
0
0
0
0
0
0
0
0
0
0
0
0
0
0
0
0
0
0
0
0
0
0
0
0
0
0
0
0
0
0
0
0
0
0
0
0
0
0
0
0
0
0
0
0
0
0
0
0
0
0
0
0
0
0
0
0
0
0
0
0
0
0
0
0
0
0
0
0
0
0
0
0
0
0
0
0
0
0
0
0
0
0
0
0
0
0
0
0
0
0
0
0
0
0
0
0
0
0
0
0
0
0
0
0
0
0
0
0
0
0
0
0
0
0
0
0
0
0
0
0
0
0
0
0
0
0
0
0
0
0
0
0
0
0
0
0
0
0
0
0
0
0
0
0
0
0
0
0
0
0
0
0
0
0
0
0
0
0
0
0
0
0
0
0
0
0
0
0
0
0
0
0
0
0
0
0
0
0
0
0
0
0
0
0
0
0
0
0
0
0
0
0
0
0
0
0
0
0
0
0
0
0
0
0
0
0
0
0
0
0
0
0
0
0
0
0
0
0
0
0
0
0
0
0
0
0
0
0
0
0
0
0
0
0
0
0
0
0
0
0
0
0
0
0
0
0
0
0
0
0
0
0
0
0
0
0
0
0
0
0
0
0
0
0
0
0
0
0
0
0
0
0
0
0
0
0
0
0
0
0
0
0
0
0
0
0
0
0
0
0
0
0
0
0
0
0
0
0
0
0
0
0
0
0
0
0
0
0
0
0
0
0
0
0
0
0
0
0
0
0
0
0
0
0
0
0
0
0
0
0
0
0
0
0
0
0
0
0
0
0
0
0
0
0
0
0
0
0
0
0
0
0
0
0
0
0
0
0
0
0
0
0
0
0
0
0
0
0
0
0
0
0
0
0
0
0
0
0
0
0
0
0
0
0
0
0
0
0
0
0
0
0
0
0
0
0
0
0
0
0
0
0
0
0
0
0
0
0
0
0
0
0
0
0
0
0
0
0
0
0
0
0
0
0
0
0
0
0
0
0
0
0
0
0
0
0
0
0
0
0
0
0
0
0
0
0
0
0
0
0
0
0
0
0
0
0
0
0
0
0
0
0
0
0
0
0
0
0
0
0
0
0
0
0
0
0
0
0
0
0
0
0
0
0
0
0
0
0
0
0
0
0
0
0
0
0
0
0
0
0
0
0
0
0
0
0
0
0
0
0
0
0
0
0
0
0
0
0
0
0
0
0
0
0
0
0
0
0
0
0
0
0
0
0
0
0
0
0
0
0
0
0
0
0
0
0
0
0
0
0
0
0
0
0
0
0
0
0
0
0
0
0
0
0
0
0
0
0
0
0
0
0
0
0
0
0
0
0
0
0
0
0
0
0
0
0
0
0
0
0
0
0
0
0
0
0
0
0
0
0
0
0
0
0
0
0
0
0
0
0
0
0
0
0
0
0
0
0
0
0
0
0
0
0
0
0
0
0
0
0
0
0
0
0
0
0
0
0
0
0
0
0
0
0
0
0
0
0
0
0
0
0
0
0
0
0
0
0
0
0
0
0
0
0
0
0
0
0
0
0
0
0
0
0
0
0
0
0
0
0
0
0
0
0
0
0
0
0
0
0
0
0
0
0
0
0
0
0
0
0
0
0
0
0
0
0
0
0
0
0
0
0
0
0
0
0
0
0
0
0
0
0
0
0
0
0
0
0
0
0
0
0
0
0
0
0
0
0
0
0
0
0
0
0
0
0
0
0
0
0
0
0
0
0
0
0
0
0
0
0
0
0
0
0
0
0
0
0
0
0
0
0
0
0
0
0
0
0
0
0
0
0
0
0
0
0
0
0
0
0
0
0
0
0
0
0
0
0
0
0
0
0
0
0
0
0
0
0
0
0
0
0
0
0
0
0
0
0
0
0
0
0
0
0
0
0
0
0
0
0
0
0
0
0
0
0
0
0
0
0
0
0
0
0
0
0
0
0
0
0
0
0
0
0
0
0
0
0
0
0
0
0
0
0
0
0
0
0
0
0
0
0
0
0
0
0
0
0
0
0
0
0
0
0
0
0
0
0
0
0
0
0
0
0
0
0
0
0
0
0
0
0
0
0
0
0
0
0
0
0
0
0
0
0
0
0
0
0
0
0
0
0
0
0
0
0
0
0
0
0
0
0
0
0
0
0
0
0
0
0
0
0
0
0
0
0
0
0
0
0
0
0
0
0
0
0
0
0
0
0
0
0
0
0
0
0
0
0
0
0
0
0
0
0
0
0
0
0
0
0
0
0
0
0
0
0
0
0
0
0
0
0
0
0
0
0
0
0
0
0
0
0
0
0
0
0
0
0
0
0
0
0
0
0
0
0
0
0
0
0
0
0
0
0
0
0
0
0
0
0
0
0
0
0
0
0
0
0
0
0
0
0
0
0
0
0
0
0
0
0
0
0
0
0
0
0
0
0
0
0
0
0
0
0
0
0
0
0
0
0
0
0
0
0
0
0
0
0
0
0
0
0
0
0
0
0
0
0
0
0
0
0
0
0
0
0
0
0
0
0
0
0
0
0
0
0
0
0
0
0
0
0
0
0
0
0
0
0
0
0
0
0
0
0
0
0
0
0
0
0
0
0
0
0
0
0
0
0
0
0
0
0
0
0
0
0
0
0
0
0
0
0
0
0
0
0
0
0
0
0
0
0
0
0
0
0
0
0
0
0
0
0
0
0
0
0
0
0
0
0
0
0
0
0
0
0
0
0
0
0
0
0
0
0
0
0
0
0
0
0
0
0
0
0
0
0
0
0
0
0
0
0
0
0
0
0
0
0
0
0
0
0
0
0
0
0
0
0
0
0
0
0
0
0
0
0
0
0
0
0
0
0
0
0
0
0
0
0
0
0
0
0
0
0
0
0
0
0
0
0
0
0
0
0
0
0
0
0
0
0
0
0
0
0
0
0
0
0
0
0
0
0
0
0
0
0
0
0
0
0
0
0
0
0
0
0
0
0
0
0
0
0
0
0
0
0
0
0
0
0
0
0
0
0
0
0
0
0
0
0
0
0
0
0
0
0
0
0
0
0
0
0
0
0
0
0
0
0
0
0
0
0
0
0
0
0
0
0
0
0
0
0
0
0
0
0
0
0
0
0
0
0
0
0
0
0
0
0
0
0
0
0
0
0
0
0
0
0
0
0
0
0
0
0
0
0
0
0
0
0
0
0
0
0
0
0
0
0
0
0
0
0
0
0
0
0
0
0
0
0
0
0
0
0
0
0
0
0
0
0
0
0
0
0
0
0
0
0
0
0
0
0
0
0
0
0
0
0
0
0
0
0
0
0
0
0
0
0
0
0
0
0
0
0
0
0
0
0
0
0
0
0
0
0
0
0
0
0
0
0
0
0
0
0
0
0
0
0
0
0
0
0
0
0
0
0
0
0
0
0
0
0
0
0
0
0
0
0
0
0
0
0
0
0
0
0
0
0
0
0
0
0
0
0
0
0
0
0
0
0
0
0
0
0
0
0
0
0
0
0
0
0
0
0
0
0
0
0
0
0
0
0
0
0
0
0
0
0
0
0
0
0
0
0
0
0
0
0
0
0
0
0
0
0
0
0
0
0
0
0
0
0
0
0
0
0
0
0
0
0
0
0
0
0
0
0
0
0
0
0
0
0
0
0
0
0
0
0
0
0
0
0
0
0
0
0
0
0
0
0
0
0
0
0
0
0
0
0
0
0
0
0
0
0
0
0
0
0
0
0
0
0
0
0
0
0
0
0
0
0
0
0
0
0
0
0
0
0
0
0
0
0
0
0
0
0
0
0
0
0
0
0
0
0
0
0
0
0
0
0
0
0
0
0
0
0
0
0
0
0
0
0
0
0
0
0
0
0
0
0
0
0
0
0
0
0
0
0
0
0
0
0
0
0
0
0
0
0
0
0
0
0
0
0
0
0
0
0
0
0
0
0
0
0
0
0
0
0
0
0
0
0
0
0
0
0
0
0
0
0
0
0
0
0
0
0
0
0
0
0
0
0
0
0
0
0
0
0
0
0
0
0
0
0
0
0
0
0
0
0
0
0
0
0
0
0
0
0
0
0
0
0
0
0
0
0
0
0
0
0
0
0
0
0
0
0
0
0
0
0
0
0
0
0
0
0
0
0
0
0
0
0
0
0
0
0
0
0
0
0
0
0
0
0
0
0
0
0
0
0
0
0
0
0
0
0
0
0
0
0
0
0
0
0
0
0
0
0
0
0
0
0
0
0
0
0
0
0
0
0
0
0
0
0
0
0
0
0
0
0
0
0
0
0
0
0
0
0
0
0
0
0
0
0
0
0
0
0
0
0
0
0
0
0
0
0
0
0
0
0
0
0
0
0
0
0
0
0
0
0
0
0
0
0
0
0
0
0
0
0
0
0
0
0
0
0
0
0
0
0
0
0
0
0
0
0
0
0
0
0
0
0
0
0
0
0
0
0
0
0
0
0
0
0
0
0
0
0
0
0
0
0
0
0
0
0
0
0
0
0
0
0
0
0
0
0
0
0
0
0
0
0
0
0
0
0
0
0
0
0
0
0
0
0
0
0
0
0
0
0
0
0
0
0
0
0
0
0
0
0
0
0
0
0
0
0
0
0
0
0
0
0
0
0
0
0
0
0
0
0
0
0
0
0
0
0
0
0
0
0
0
0
0
0
0
0
0
0
0
0
0
0
0
0
0
0
0
0
0
0
0
0
0
0
0
0
0
0
0
0
0
0
0
0
0
0
0
0
0
0
0
0
0
0
0
0
0
0
0
0
0
0
0
0
0
0
0
0
0
0
0
0
0
0
0
0
0
0
0
0
0
0
0
0
0
0
0
0
0
0
0
0
0
0
0
0
)
;

boundaryField
{
    inlet
    {
        type            calculated;
        value           nonuniform List<scalar> 
20
(
-7.42428e-06
-7.42428e-06
-7.42428e-06
-7.42428e-06
-7.42428e-06
-7.42428e-06
-7.42428e-06
-7.42428e-06
-7.42428e-06
-7.42428e-06
-7.42428e-06
-7.42428e-06
-7.42428e-06
-7.42428e-06
-7.42428e-06
-7.42428e-06
-7.42428e-06
-7.42428e-06
-7.42428e-06
-7.42428e-06
)
;
    }
    outlet
    {
        type            calculated;
        value           uniform 0;
    }
    frontAndBack
    {
        type            empty;
    }
    topAndBottom
    {
        type            calculated;
        value           uniform 0;
    }
    defaultFaces
    {
        type            empty;
    }
}


// ************************************************************************* //
