/*--------------------------------*- C++ -*----------------------------------*\
  =========                 |
  \\      /  F ield         | OpenFOAM: The Open Source CFD Toolbox
   \\    /   O peration     | Website:  https://openfoam.org
    \\  /    A nd           | Version:  11
     \\/     M anipulation  |
\*---------------------------------------------------------------------------*/
FoamFile
{
    format      ascii;
    class       surfaceScalarField;
    location    "38";
    object      phi;
}
// * * * * * * * * * * * * * * * * * * * * * * * * * * * * * * * * * * * * * //

dimensions      [0 3 -1 0 0 0 0];

internalField   nonuniform List<scalar> 
5320
(
0
0
0
0
0
0
0
0
0
0
0
0
0
0
0
0
0
0
0
0
0
0
0
0
0
0
0
0
0
0
0
0
0
0
0
0
0
0
0
0
0
0
0
0
0
0
0
0
0
0
0
0
0
0
0
0
0
0
0
0
0
0
0
0
0
0
0
0
0
0
0
0
0
0
0
0
0
0
0
0
0
0
0
0
0
0
0
0
0
0
0
0
0
0
0
0
0
0
0
0
0
0
0
0
0
0
0
0
0
0
0
0
0
0
0
0
0
0
0
0
0
0
0
0
0
0
0
0
0
0
0
0
0
0
0
0
0
0
0
0
0
0
0
0
0
0
0
0
0
0
0
0
0
0
0
0
0
0
0
0
0
0
0
0
0
0
0
0
0
0
0
0
0
0
0
0
0
0
0
0
0
0
0
0
0
0
0
0
0
0
0
0
0
0
0
0
0
0
0
0
0
0
0
0
0
0
0
0
0
0
0
0
0
0
0
0
0
0
0
0
0
0
0
0
0
0
0
0
0
0
0
0
0
0
0
0
0
0
0
0
0
0
0
0
0
0
0
0
0
0
0
0
0
0
0
0
0
0
0
0
0
0
0
0
0
0
0
0
0
0
0
0
0
0
0
0
0
0
0
0
0
0
0
0
0
0
0
0
0
0
0
0
0
0
0
0
0
0
0
0
0
0
0
0
0
0
0
0
0
0
0
0
0
0
0
0
0
0
0
0
0
0
0
0
0
0
0
0
0
0
0
0
0
0
0
0
0
0
0
0
0
0
0
0
0
0
0
0
0
0
0
0
0
0
0
0
0
0
0
0
0
0
0
0
0
0
0
0
0
0
0
0
0
0
0
0
0
0
0
0
0
0
0
0
0
0
0
0
0
0
0
0
0
0
0
0
0
0
0
0
0
0
0
0
0
0
0
0
0
0
0
0
0
0
0
0
0
0
0
0
0
0
0
0
0
0
0
0
0
0
0
0
0
0
0
0
0
0
0
0
0
0
0
0
0
0
0
0
0
0
0
0
0
0
0
0
0
0
0
0
0
0
0
0
0
0
0
0
0
0
0
0
0
0
0
0
0
0
0
0
0
0
0
0
0
0
0
0
0
0
0
0
0
0
0
0
0
0
0
0
0
0
0
0
0
0
0
0
0
0
0
0
0
0
0
0
0
0
0
0
0
0
0
0
0
0
0
0
0
0
0
0
0
0
0
0
0
0
0
0
0
0
0
0
0
0
0
0
0
0
0
0
0
0
0
0
0
0
0
0
0
0
0
0
0
0
0
0
0
0
0
0
0
0
0
0
0
0
0
0
0
0
0
0
0
0
0
0
0
0
0
0
0
0
0
0
0
0
0
0
0
0
0
0
0
0
0
0
0
0
0
0
0
0
0
0
0
0
0
0
0
0
0
0
0
0
0
0
0
0
0
0
0
0
0
0
0
0
0
0
0
0
0
0
0
0
0
0
0
0
0
0
0
0
0
0
0
0
0
0
0
0
0
0
0
0
0
0
0
0
0
0
0
0
0
0
0
0
0
0
0
0
0
0
0
0
0
0
0
0
0
0
0
0
0
0
0
0
0
0
0
0
0
0
0
0
0
0
0
0
0
0
0
0
0
0
0
0
0
0
0
0
0
0
0
0
0
0
0
0
0
0
0
0
0
0
0
0
0
0
0
0
0
0
0
0
0
0
0
0
0
0
0
0
0
0
0
0
0
0
3.09944e-06
1.52588e-05
-6.67572e-06
7.62939e-06
-7.15256e-06
1.52588e-05
-8.9407e-06
7.62939e-06
-1.85966e-05
0
-1.75238e-05
-1.52588e-05
-2.44379e-05
0
-2.77758e-05
7.62939e-06
-2.70605e-05
7.62939e-06
-2.93255e-05
7.62939e-06
-3.50475e-05
1.52588e-05
-2.89679e-05
-1.52588e-05
-2.3365e-05
0
-2.6226e-05
0
-1.62125e-05
0
-4.64916e-06
0
-1.15633e-05
0
-4.05312e-06
0
-2.26498e-06
1.52588e-05
0
3.09944e-06
0
-8.63489e-06
-1.03296e-05
-5.94572e-06
0
-7.42129e-06
0
-2.40354e-05
-7.51516e-06
-1.40016e-05
-8.68143e-06
-2.82273e-05
0
-3.21831e-05
2.22713e-05
-2.36376e-05
-7.62939e-06
-2.60373e-05
1.63403e-05
-4.41367e-05
0
-2.56157e-05
-1.83129e-05
-1.91634e-05
-1.52588e-05
-3.27082e-05
1.35089e-05
-1.86108e-05
0
-4.52995e-06
-2.56038e-06
-1.53381e-05
0
-3.19503e-06
0
-2.38419e-06
6.56775e-05
0
2.86102e-06
5.91469e-06
-8.53927e-06
-3.2286e-05
-6.11258e-06
8.86917e-06
-7.58275e-06
-1.84427e-05
-2.4228e-05
-3.06897e-05
-1.37855e-05
-8.96356e-06
-2.75257e-05
0
-3.39025e-05
0
-2.337e-05
-1.52588e-05
-2.67249e-05
-2.12516e-05
-4.37762e-05
0
-2.56907e-05
-1.88426e-05
-1.89113e-05
0
-3.23341e-05
3.92684e-05
-1.8431e-05
1.94236e-05
-4.41074e-06
-1.52588e-05
-1.48013e-05
0
-3.17701e-06
3.58398e-05
-2.74181e-06
7.50147e-05
1.52588e-05
2.38419e-06
1.95024e-05
-7.29086e-06
-1.06641e-05
-8.69037e-06
1.44394e-05
-7.47989e-06
0
-2.29009e-05
-1.94761e-05
-1.37102e-05
0
-2.72204e-05
0
-3.30182e-05
1.76072e-05
-2.31765e-05
0
-2.56112e-05
-1.52588e-05
-4.54104e-05
-3.52282e-05
-2.69412e-05
-2.08836e-05
-1.95069e-05
-3.716e-05
-3.48894e-05
-1.52588e-05
-1.99031e-05
1.26847e-05
-4.29153e-06
-3.61256e-05
-1.4771e-05
0
-3.33786e-06
6.04885e-05
-3.09944e-06
3.69488e-05
3.05176e-05
1.66893e-06
6.47465e-06
-6.89334e-06
-3.09526e-05
-8.40736e-06
1.22492e-05
-7.97625e-06
-8.26165e-06
-2.41519e-05
-5.09238e-05
-1.39926e-05
-3.22311e-05
-2.70765e-05
-1.52588e-05
-3.43712e-05
0
-2.31535e-05
0
-2.54329e-05
1.85944e-05
-4.37202e-05
-3.4856e-05
-2.58098e-05
-1.68193e-05
-1.85041e-05
-1.66253e-05
-3.17988e-05
1.93282e-05
-1.91164e-05
3.60495e-05
-4.17233e-06
-1.52588e-05
-1.58652e-05
-4.09028e-05
-3.33786e-06
1.26142e-05
-3.09944e-06
9.09633e-05
3.05176e-05
7.15256e-07
1.90739e-05
-4.94152e-06
0
-1.04014e-05
1.51262e-05
-8.20039e-06
-2.92534e-05
-2.18426e-05
-2.0922e-05
-1.33503e-05
-3.02205e-05
-2.68885e-05
0
-3.46864e-05
-2.7937e-05
-2.28108e-05
1.52588e-05
-2.68601e-05
3.23166e-05
-4.42748e-05
-1.52018e-05
-2.71234e-05
-3.64181e-05
-1.83797e-05
-1.24011e-05
-3.34519e-05
1.26116e-05
-2.08435e-05
2.65935e-05
-4.17233e-06
0
-1.39941e-05
-4.47995e-05
-2.98023e-06
3.97101e-05
-3.69549e-06
3.79933e-05
1.52588e-05
7.15256e-07
7.62939e-06
-5.03598e-06
-2.20749e-05
-1.08803e-05
2.209e-05
-8.30134e-06
-1.08399e-05
-2.29157e-05
-4.05067e-05
-1.31563e-05
-1.99912e-05
-2.79724e-05
0
-3.27033e-05
-7.62939e-06
-2.21221e-05
2.0623e-05
-2.80343e-05
3.8194e-05
-4.38496e-05
-1.79908e-05
-2.64478e-05
0
-1.81691e-05
-3.55547e-05
-3.16255e-05
1.06695e-05
-2.07407e-05
4.78752e-05
-4.29153e-06
0
-1.34736e-05
-2.89575e-05
-3.09944e-06
1.22391e-05
-3.8147e-06
1.52588e-05
0
0
6.22546e-06
-2.6721e-06
0
-1.18424e-05
1.1826e-05
-8.27651e-06
8.53855e-06
-2.16475e-05
-1.5919e-05
-1.28462e-05
0
-2.91923e-05
-1.76837e-05
-3.3444e-05
-3.06186e-05
-2.16789e-05
7.62939e-06
-3.38895e-05
6.19052e-05
-4.36545e-05
-4.0353e-05
-2.87864e-05
0
-1.76993e-05
-1.34507e-05
-3.19538e-05
1.1114e-05
-2.13645e-05
5.26842e-05
-4.27006e-06
1.99727e-05
-1.29251e-05
-1.52052e-05
-2.98023e-06
0
-3.57628e-06
5.8369e-05
1.52588e-05
0
0
-2.93424e-06
-7.17059e-06
-1.18838e-05
-7.62939e-06
-8.94974e-06
1.17814e-05
-2.15383e-05
0
-1.30609e-05
0
-2.93042e-05
-1.4361e-05
-3.2309e-05
-4.03266e-05
-2.12696e-05
0
-3.93108e-05
5.28965e-05
-4.30344e-05
-3.29668e-05
-3.27228e-05
-5.55367e-05
-1.75179e-05
-4.35589e-05
-3.29803e-05
1.21611e-05
-2.29768e-05
3.85007e-05
-4.88758e-06
-2.16638e-06
-1.25945e-05
0
-2.74181e-06
0
-3.93391e-06
6.02842e-05
3.05176e-05
-4.76837e-07
-1.0227e-05
-2.67462e-06
-1.88993e-05
-1.13622e-05
0
-9.17684e-06
-7.62939e-06
-2.12364e-05
1.95267e-05
-1.33287e-05
1.7198e-05
-2.97356e-05
-2.25818e-05
-3.00626e-05
-2.04677e-05
-1.94975e-05
2.85451e-05
-3.98936e-05
8.29679e-05
-4.09244e-05
-5.48962e-05
-2.92807e-05
0
-1.63414e-05
0
-3.13888e-05
0
-2.25489e-05
3.90579e-05
-5.00679e-06
2.97014e-05
-1.29938e-05
-2.01166e-05
-2.36796e-06
0
-4.29153e-06
1.22614e-05
1.52588e-05
-7.15256e-07
0
-2.46924e-06
-2.7892e-05
-1.16925e-05
-2.68384e-05
-8.85538e-06
0
-2.19557e-05
0
-1.35568e-05
0
-2.95427e-05
0
-3.1133e-05
-2.98522e-05
-2.04227e-05
7.62939e-06
-4.56187e-05
3.31854e-05
-4.03906e-05
-2.29453e-05
-3.21384e-05
0
-1.64879e-05
-1.52588e-05
-3.00786e-05
3.90648e-05
-2.3359e-05
2.6862e-05
-5.24521e-06
2.4523e-05
-1.26882e-05
-2.46089e-05
-2.26498e-06
0
-4.05312e-06
2.48916e-05
1.52588e-05
-5.26898e-07
-7.62939e-06
-2.30147e-06
0
-1.09653e-05
0
-8.80277e-06
7.18725e-06
-2.15673e-05
0
-1.37457e-05
0
-3.02234e-05
-1.16571e-05
-2.90969e-05
0
-1.95106e-05
0
-4.42492e-05
3.934e-05
-3.80901e-05
-1.79456e-05
-3.16768e-05
4.63595e-06
-1.66642e-05
1.56105e-05
-3.05566e-05
0
-2.39012e-05
7.63099e-05
-6.07967e-06
1.52588e-05
-1.31495e-05
-8.13924e-05
-2.02656e-06
-1.99555e-05
-4.17233e-06
3.8717e-05
0
-6.39885e-07
7.62939e-06
-2.47941e-06
-2.98865e-05
-1.08097e-05
7.62939e-06
-9.00017e-06
6.22018e-06
-2.20603e-05
-1.01829e-05
-1.38771e-05
-1.92155e-05
-3.02871e-05
-9.64844e-06
-2.98625e-05
-1.05002e-05
-1.92255e-05
1.15134e-05
-4.46707e-05
1.98148e-05
-3.77468e-05
2.34289e-05
-3.37211e-05
0
-1.69211e-05
1.52588e-05
-3.04417e-05
-1.87599e-05
-2.38113e-05
5.78096e-05
-6.07967e-06
3.96748e-05
-1.11949e-05
-4.47747e-05
-1.78814e-06
1.98863e-05
-4.52995e-06
0
1.52588e-05
-9.55566e-07
0
-2.38419e-06
-2.7839e-05
-1.09366e-05
0
-9.33149e-06
2.22322e-05
-2.13962e-05
-1.61313e-05
-1.37411e-05
-5.93827e-06
-3.07249e-05
-2.27001e-05
-2.95518e-05
-5.38527e-06
-1.95414e-05
0
-4.73195e-05
-1.39994e-05
-3.86631e-05
1.75973e-05
-3.29274e-05
3.50001e-05
-1.69025e-05
-3.1562e-05
-2.71928e-05
0
-2.51176e-05
7.75041e-05
-6.79493e-06
1.46663e-05
-1.11214e-05
-3.90408e-05
-1.78814e-06
1.24659e-05
-4.29153e-06
2.03058e-05
0
-2.15842e-06
-2.95179e-05
-1.95457e-06
-7.62939e-06
-1.05774e-05
0
-1.02587e-05
0
-2.18302e-05
-2.98832e-05
-1.39461e-05
-2.83252e-05
-2.92248e-05
-6.61623e-06
-2.80791e-05
0
-1.95605e-05
0
-4.52214e-05
1.4397e-06
-4.07293e-05
1.84307e-05
-3.37485e-05
-2.04067e-06
-1.60406e-05
1.52588e-05
-2.66795e-05
1.93158e-05
-2.60039e-05
5.66014e-05
-6.38622e-06
4.30957e-06
-1.06119e-05
-1.31e-05
-1.90735e-06
0
-4.52995e-06
-1.52588e-05
1.52588e-05
-1.50676e-06
-1.01204e-05
-1.44609e-06
-1.28795e-05
-1.0494e-05
-1.16314e-05
-1.05473e-05
-8.5497e-06
-2.08537e-05
-1.70917e-05
-1.37406e-05
-1.52588e-05
-3.01195e-05
-1.69013e-05
-2.89957e-05
-1.69895e-05
-1.95167e-05
-6.18068e-06
-4.424e-05
-4.9992e-06
-3.83171e-05
3.60744e-05
-3.22728e-05
3.08017e-06
-1.68809e-05
1.86798e-05
-2.73807e-05
-1.87562e-05
-2.72772e-05
2.67029e-05
-6.29992e-06
0
-9.92092e-06
-1.52588e-05
-1.90735e-06
1.87197e-05
-4.29153e-06
-1.52588e-05
0
-2.07533e-06
-6.73013e-06
-1.44709e-06
-6.27353e-06
-1.02769e-05
-7.62939e-06
-1.09084e-05
-2.48203e-05
-2.05265e-05
0
-1.37821e-05
-7.62939e-06
-2.94139e-05
-1.01149e-05
-2.84116e-05
0
-1.91397e-05
1.52588e-05
-4.32425e-05
1.16727e-05
-4.2212e-05
-1.84717e-07
-3.42811e-05
-2.01155e-05
-1.68798e-05
0
-2.44228e-05
0
-2.63854e-05
2.58715e-05
-6.56048e-06
3.53018e-05
-1.02536e-05
-2.01516e-05
-2.26498e-06
0
-4.17233e-06
-3.03106e-05
0
-1.91687e-06
-6.75038e-06
-1.57463e-06
-2.79892e-05
-1.05604e-05
-2.50882e-05
-9.96882e-06
0
-2.12168e-05
0
-1.37445e-05
0
-2.91976e-05
-7.56629e-06
-2.82716e-05
1.52588e-05
-1.93729e-05
0
-4.24894e-05
5.62837e-05
-4.02229e-05
4.55265e-06
-3.16179e-05
-1.22991e-05
-1.70137e-05
0
-2.35543e-05
-2.77857e-06
-2.7872e-05
1.841e-05
-6.85248e-06
0
-9.52638e-06
-3.10505e-05
-2.38419e-06
-1.87779e-05
-3.69549e-06
0
1.52588e-05
-2.19137e-06
-1.52588e-05
-1.78814e-06
0
-9.94099e-06
-7.62939e-06
-1.02071e-05
0
-2.14778e-05
-7.62939e-06
-1.39382e-05
0
-2.86451e-05
0
-2.92903e-05
1.52588e-05
-1.94952e-05
0
-4.65397e-05
0
-4.14808e-05
1.52588e-05
-3.11534e-05
0
-1.68362e-05
0
-2.20475e-05
0
-2.71438e-05
0
-6.70481e-06
1.52588e-05
-9.14084e-06
0
-2.14577e-06
0
-3.69549e-06
1.52588e-05
1.52588e-05
-1.43051e-06
-2.14577e-06
-7.98702e-06
-1.21593e-05
-1.71661e-05
-1.71661e-05
-2.39611e-05
-2.57492e-05
-2.37226e-05
-3.55244e-05
-3.50475e-05
-2.83718e-05
-2.09808e-05
-2.15769e-05
-2.14577e-05
-8.58307e-06
-7.27177e-06
-2.14577e-06
-3.8147e-06
0
0
0
0
0
0
0
0
0
0
0
0
0
0
0
0
0
0
0
0
0
0
0
0
0
0
0
0
0
0
0
0
0
0
0
0
0
0
0
0
0
0
0
0
0
0
0
0
0
0
0
0
0
0
0
0
0
0
0
0
0
0
0
0
0
0
0
0
0
0
0
0
0
0
0
0
0
0
0
0
0
0
0
0
0
0
0
0
0
0
0
0
0
0
0
0
0
0
0
0
0
0
0
0
0
0
0
0
0
0
0
0
0
0
0
0
0
0
0
0
0
0
0
0
0
0
0
0
0
0
0
0
0
0
0
0
0
0
0
0
0
0
0
0
0
0
0
0
0
0
0
0
0
0
0
0
0
0
0
0
0
0
0
0
0
0
0
0
0
0
0
0
0
0
0
0
0
0
0
0
0
0
0
0
0
0
0
0
0
0
0
0
0
0
0
0
0
0
0
0
0
0
0
0
0
0
0
0
0
0
0
0
0
0
0
0
0
0
0
0
0
0
0
0
0
0
0
0
0
0
0
0
0
0
0
0
0
0
0
0
0
0
0
0
0
0
0
0
0
0
0
0
0
0
0
0
0
0
0
0
0
0
0
0
0
0
0
0
0
0
0
0
0
0
0
0
0
0
0
0
0
0
0
0
0
0
0
0
0
0
0
0
0
0
0
0
0
0
0
0
0
0
0
0
0
0
0
0
0
0
0
0
0
0
0
0
0
0
0
0
0
0
0
0
0
0
0
0
0
0
0
0
0
0
0
0
0
0
0
0
0
0
0
0
0
0
0
0
0
0
0
0
0
0
0
0
0
0
0
0
0
0
0
0
0
0
0
0
0
0
0
0
0
0
0
0
0
0
0
0
0
0
0
0
0
0
0
0
0
0
0
0
0
0
0
0
0
0
0
0
0
0
0
0
0
0
0
0
0
0
0
0
0
0
0
0
0
0
0
0
0
0
0
0
0
0
0
0
0
0
0
0
0
0
0
0
0
0
0
0
0
0
0
0
0
0
0
0
0
0
0
0
0
0
0
0
0
0
0
0
0
0
0
0
0
0
0
0
0
0
0
0
0
0
0
0
0
0
0
0
0
0
0
0
0
0
0
0
0
0
0
0
0
0
0
0
0
0
0
0
0
0
0
0
0
0
0
0
0
0
0
0
0
0
0
0
0
0
0
0
0
0
0
0
0
0
0
0
0
0
0
0
0
0
0
0
0
0
0
0
0
0
0
0
0
0
0
0
0
0
0
0
0
0
0
0
0
0
0
0
0
0
0
0
0
0
0
0
0
0
0
0
0
0
0
0
0
0
0
0
0
0
0
0
0
0
0
0
0
0
0
0
0
0
0
0
0
0
0
0
0
0
0
0
0
0
0
0
0
0
0
0
0
0
0
0
0
0
0
0
0
0
0
0
0
0
0
0
0
0
0
0
0
0
0
0
0
0
0
0
0
0
0
0
0
0
0
0
0
0
0
0
0
0
0
0
0
0
0
0
0
0
0
0
0
0
0
0
0
0
0
0
0
0
0
0
0
0
0
0
0
0
0
0
0
0
0
0
0
0
0
0
0
0
0
0
0
0
0
0
0
0
0
0
0
0
0
0
0
0
0
0
0
0
0
0
0
0
0
0
0
0
0
0
0
0
0
0
0
0
0
0
0
0
0
0
0
0
0
0
0
0
0
0
0
0
0
0
0
0
0
0
0
0
0
0
0
0
0
0
0
0
0
0
0
0
0
0
0
0
0
0
0
0
0
0
0
0
0
0
0
0
0
0
0
0
0
0
0
0
0
0
0
0
0
0
0
0
0
0
0
0
0
0
0
0
0
0
0
0
0
0
0
0
0
0
0
0
0
0
0
0
0
0
0
0
0
0
0
0
0
0
0
0
0
0
0
0
0
0
0
0
0
0
0
0
0
0
0
0
0
0
0
0
0
0
0
0
0
0
0
0
0
0
0
0
0
0
0
0
0
0
0
0
0
0
0
0
0
0
0
0
0
0
0
0
0
0
0
0
0
0
0
0
0
0
0
0
0
0
0
0
0
0
0
0
0
0
0
0
0
0
0
0
0
0
0
0
0
0
0
0
0
0
0
0
0
0
0
0
0
0
0
0
0
0
0
0
0
0
0
0
0
0
0
0
0
0
0
0
0
0
0
0
0
0
0
0
0
0
0
0
0
0
0
0
0
0
0
0
0
0
0
0
0
0
0
0
0
0
0
0
0
0
0
0
0
0
0
0
0
0
0
0
0
0
0
0
0
0
0
0
0
0
0
0
0
0
0
0
0
0
0
0
0
0
0
0
0
0
0
0
0
0
0
0
0
0
0
0
0
0
0
0
0
0
0
0
0
0
0
0
0
0
0
0
0
0
0
0
0
0
0
0
0
0
0
0
0
0
0
0
0
0
0
0
0
0
0
0
0
0
0
0
0
0
0
0
0
0
0
0
0
0
0
0
0
0
0
0
0
0
0
0
0
0
0
0
0
0
0
0
0
0
0
0
0
0
0
0
0
0
0
0
0
0
0
0
0
0
0
0
0
0
0
0
0
0
0
0
0
0
0
0
0
0
0
0
0
0
0
0
0
0
0
0
0
0
0
0
0
0
0
0
0
0
0
0
0
0
0
0
0
0
0
0
0
0
0
0
0
0
0
0
0
0
0
0
0
0
0
0
0
0
0
0
0
0
0
0
0
0
0
0
0
0
0
0
0
0
0
0
0
0
0
0
0
0
0
0
0
0
0
0
0
0
0
0
0
0
0
0
0
0
0
0
0
0
0
0
0
0
0
0
0
0
0
0
0
0
0
0
0
0
0
0
0
0
0
0
0
0
0
0
0
0
0
0
0
0
0
0
0
0
0
0
0
0
0
0
0
0
0
0
0
0
0
0
0
0
0
0
0
0
0
0
0
0
0
0
0
0
0
0
0
0
0
0
0
0
0
0
0
0
0
0
0
0
0
0
0
0
0
0
0
0
0
0
0
0
0
0
0
0
0
0
0
0
0
0
0
0
0
0
0
0
0
0
0
0
0
0
0
0
0
0
0
0
0
0
0
0
0
0
0
0
0
0
0
0
0
0
0
0
0
0
0
0
0
0
0
0
0
0
0
0
0
0
0
0
0
0
0
0
0
0
0
0
0
0
0
0
0
0
0
0
0
0
0
0
0
0
0
0
0
0
0
0
0
0
0
0
0
0
0
0
0
0
0
0
0
0
0
0
0
0
0
0
0
0
0
0
0
0
0
0
0
0
0
0
0
0
0
0
0
0
0
0
0
0
0
0
0
0
0
0
0
0
0
0
0
0
0
0
0
0
0
0
0
0
0
0
0
0
0
0
0
0
0
0
0
0
0
0
0
0
0
0
0
0
0
0
0
0
0
0
0
0
0
0
0
0
0
0
0
0
0
0
0
0
0
0
0
0
0
0
0
0
0
0
0
0
0
0
0
0
0
0
0
0
0
0
0
0
0
0
0
0
0
0
0
0
0
0
0
0
0
0
0
0
0
0
0
0
0
0
0
0
0
0
0
0
0
0
0
0
0
0
0
0
0
0
0
0
0
0
0
0
0
0
0
0
0
0
0
0
0
0
0
0
0
0
0
0
0
0
0
0
0
0
0
0
0
0
0
0
0
0
0
0
0
0
0
0
0
0
0
0
0
0
0
0
0
0
0
0
0
0
0
0
0
0
0
0
0
0
0
0
0
0
0
0
0
0
0
0
0
0
0
0
0
0
0
0
0
0
0
0
0
0
0
0
0
0
0
0
0
0
0
0
0
0
0
0
0
0
0
0
0
0
0
0
0
0
0
0
0
0
0
0
0
0
0
0
0
0
0
0
0
0
0
0
0
0
0
0
0
0
0
0
0
0
0
0
0
0
0
0
0
0
0
0
0
0
0
0
0
0
0
0
0
0
0
0
0
0
0
0
0
0
0
0
0
0
0
0
0
0
0
0
0
0
0
0
0
0
0
0
0
0
0
0
0
0
0
0
0
0
0
0
0
0
0
0
0
0
0
0
0
0
0
0
0
0
0
0
0
0
0
0
0
0
0
0
0
0
0
0
0
0
0
0
0
0
0
0
0
0
0
0
0
0
0
0
0
0
0
0
0
0
0
0
0
0
0
0
0
0
0
0
0
0
0
0
0
0
0
0
0
0
0
0
0
0
0
0
0
0
0
0
0
0
0
0
0
0
0
0
0
0
0
0
0
0
0
0
0
0
0
0
0
0
0
0
0
0
0
0
0
0
0
0
0
0
0
0
0
0
0
0
0
0
0
0
0
0
0
0
0
0
0
0
0
0
0
0
0
0
0
0
0
0
0
0
0
0
0
0
0
0
0
0
0
0
0
0
0
0
0
0
0
0
0
0
0
0
0
0
0
0
0
0
0
0
0
0
0
0
0
0
0
0
0
0
0
0
0
0
0
0
0
0
0
0
0
0
0
0
0
0
0
0
0
0
0
0
0
0
0
0
0
0
0
0
0
0
0
0
0
0
0
0
0
0
0
0
0
0
0
0
0
0
0
0
0
0
0
0
0
0
0
0
0
0
0
0
0
0
0
0
0
0
0
0
0
0
0
0
0
0
0
0
0
0
0
0
0
0
0
0
0
0
0
0
0
0
0
0
0
0
0
0
0
0
0
0
0
0
0
0
0
0
0
0
0
0
0
0
0
0
0
0
0
0
0
0
0
0
0
0
0
0
0
0
0
0
0
0
0
0
0
0
0
0
0
0
0
0
0
0
0
0
0
0
0
0
0
0
0
0
0
0
0
0
0
0
0
0
0
0
0
0
0
0
0
0
0
0
0
0
0
0
0
0
0
0
0
0
0
0
0
0
0
0
0
0
0
0
0
0
0
0
0
0
0
0
0
0
0
0
0
0
0
0
0
0
0
0
0
0
0
0
0
0
0
0
0
0
0
0
0
0
0
0
0
0
0
0
0
0
0
0
0
0
0
0
0
0
0
0
0
0
0
0
0
0
0
0
0
0
0
0
0
0
0
0
0
0
0
0
0
0
0
0
0
0
0
0
0
0
0
0
0
0
0
0
0
0
0
0
0
0
0
0
0
0
0
0
0
0
0
0
0
0
0
0
0
0
0
0
0
0
0
0
0
0
0
0
0
0
0
0
0
0
0
0
0
0
0
0
0
0
0
0
0
0
0
0
0
0
0
0
0
0
0
0
0
0
0
0
0
0
0
0
0
0
0
0
0
0
0
0
0
0
0
0
0
0
0
0
0
0
0
0
0
0
0
0
0
0
0
0
0
0
0
0
0
0
0
0
0
0
0
0
0
0
0
0
0
0
0
0
0
0
0
0
0
0
0
0
0
0
0
0
0
0
0
0
0
0
0
0
0
0
0
0
0
0
0
0
0
0
0
0
0
0
0
0
0
0
0
0
0
0
0
0
0
0
0
0
0
0
0
0
0
0
0
0
0
0
0
0
0
0
0
0
0
0
0
0
0
0
0
0
0
0
0
0
0
0
0
0
0
0
0
0
0
0
0
0
0
0
0
0
0
0
0
0
0
0
0
0
0
0
0
0
0
0
0
0
0
0
0
0
0
0
0
0
0
0
0
0
0
0
0
0
0
0
0
0
0
0
0
0
0
0
0
0
0
0
0
0
0
0
0
0
0
0
0
0
0
0
0
0
0
0
0
0
0
0
0
0
0
0
0
0
0
0
0
0
0
0
0
0
0
0
0
0
0
0
0
0
0
0
0
0
0
0
0
0
0
0
0
0
0
0
0
0
0
0
0
0
0
0
0
0
0
0
0
0
0
0
0
0
0
0
0
0
0
0
0
0
0
0
0
0
0
0
0
0
0
0
0
0
0
0
0
0
0
0
0
0
0
0
0
0
0
0
0
0
0
0
0
0
0
0
0
0
0
0
0
0
0
0
0
0
0
0
0
0
0
0
0
0
0
0
0
0
0
0
0
0
0
0
0
0
0
0
0
0
0
0
0
0
0
0
0
0
0
0
0
0
0
0
0
0
0
0
0
0
0
0
0
0
0
0
0
0
0
0
0
0
0
0
0
0
0
0
0
0
0
0
0
0
0
0
0
0
0
0
0
0
0
0
0
0
0
0
0
0
0
0
0
0
0
0
0
0
0
0
0
0
0
0
0
0
0
0
0
0
0
0
0
0
0
0
0
0
0
0
0
0
0
0
0
0
0
0
0
0
0
0
0
0
0
0
0
0
0
0
0
0
0
0
0
0
0
0
0
0
0
0
0
0
0
0
0
0
0
0
0
0
0
0
0
0
0
0
0
0
0
0
0
0
0
0
0
0
0
0
0
0
0
0
0
0
0
0
0
0
0
0
0
0
0
0
0
0
0
0
0
0
0
0
0
0
0
0
0
0
0
0
0
0
0
0
0
0
0
0
0
0
0
0
0
0
0
0
0
0
0
0
0
0
0
0
0
0
0
0
0
0
0
0
0
0
0
0
0
0
0
0
0
0
0
0
0
0
0
0
0
0
0
0
0
0
0
0
0
0
0
0
0
0
0
0
0
0
0
0
0
0
0
0
0
0
0
0
0
0
0
0
0
0
0
0
0
0
0
0
0
0
0
0
0
0
0
0
0
0
0
0
0
0
0
0
0
0
0
0
0
0
0
0
0
0
0
0
0
0
0
0
0
0
0
0
0
0
0
0
0
0
0
0
0
0
0
0
0
0
0
0
0
0
0
0
0
0
0
0
0
0
0
0
0
0
0
0
0
0
0
0
0
0
0
0
0
0
0
0
0
0
0
0
0
0
0
0
0
0
0
0
0
0
0
0
0
0
0
0
0
0
0
0
0
0
0
0
0
0
0
0
0
0
0
0
0
0
0
0
0
0
0
0
0
0
0
0
0
0
0
0
0
0
0
0
0
0
0
0
0
0
0
0
0
0
0
0
0
0
0
0
0
0
0
0
0
0
0
0
0
0
0
0
0
0
0
0
0
0
0
0
0
0
0
0
0
0
0
0
0
0
0
0
0
0
0
0
0
0
0
0
0
0
0
0
0
0
0
0
0
0
0
0
0
0
0
0
0
0
0
0
0
0
0
0
0
0
0
0
0
0
0
0
0
0
0
0
0
0
0
0
0
0
0
0
0
0
0
0
0
0
0
0
0
0
0
0
0
0
0
0
0
0
0
0
0
0
0
0
0
0
0
0
0
0
0
0
0
0
0
0
0
0
0
0
0
0
0
0
0
0
0
0
0
0
0
0
0
0
0
0
0
0
0
0
0
0
0
0
0
0
0
0
0
0
0
0
0
0
0
0
0
0
0
0
0
0
0
0
0
0
0
0
0
0
0
0
0
0
0
0
0
0
0
0
0
0
0
0
0
0
0
0
0
0
0
0
0
0
0
0
0
0
0
0
0
0
0
0
0
0
0
0
0
0
0
0
0
0
0
0
0
0
0
0
0
0
0
0
0
0
0
0
0
0
0
0
0
0
0
0
0
0
0
0
0
0
0
0
0
0
0
0
0
0
0
0
0
0
0
0
0
0
0
0
0
0
0
0
0
0
0
0
0
0
0
0
0
0
0
0
0
0
0
0
0
0
0
0
0
0
0
0
0
0
0
0
0
0
0
0
0
0
0
0
0
0
0
0
0
0
0
0
0
0
0
0
0
0
0
0
0
0
0
0
0
0
0
0
0
0
0
0
0
0
0
0
0
0
0
0
0
0
0
0
0
0
0
0
0
0
0
0
0
0
0
0
0
0
0
0
0
0
0
0
0
0
0
0
0
0
0
0
0
0
0
0
0
0
0
0
0
0
0
0
0
0
0
0
0
0
0
0
0
0
0
0
0
0
0
0
0
0
0
0
0
0
0
0
0
0
0
0
0
0
0
0
0
0
0
0
0
0
0
0
0
0
0
0
0
0
0
0
0
0
0
0
0
0
0
0
0
0
0
0
0
0
0
0
0
0
0
0
0
0
0
0
0
0
0
0
0
0
0
0
0
0
0
0
0
0
0
0
0
0
0
0
0
0
0
0
0
0
0
0
0
0
0
0
0
0
0
0
0
0
0
0
0
0
0
0
0
0
0
0
0
0
0
0
0
0
0
0
0
0
0
0
0
0
0
0
0
0
0
0
0
0
0
0
0
0
0
0
0
0
0
0
0
0
0
0
0
0
0
0
0
0
0
0
0
0
0
0
0
0
0
0
0
0
0
0
0
0
0
0
0
0
0
0
0
0
0
0
0
0
0
0
0
0
0
0
0
0
0
0
0
0
0
0
0
0
0
0
0
0
0
0
0
0
0
0
0
0
0
0
0
0
0
0
0
0
0
0
0
0
0
0
0
0
0
0
0
0
0
0
0
0
0
0
0
0
0
0
0
0
0
0
0
0
0
0
0
0
0
0
0
0
0
0
0
0
0
0
0
0
0
0
0
0
0
0
0
0
0
0
0
0
0
0
0
0
0
0
0
0
0
0
0
0
0
0
0
0
0
0
0
0
0
0
0
0
0
0
0
0
0
0
0
0
0
0
0
0
0
0
0
0
0
0
0
0
0
0
0
0
0
0
0
0
0
0
0
0
0
0
0
0
0
0
0
0
0
0
0
0
0
0
0
0
)
;

boundaryField
{
    inlet
    {
        type            calculated;
        value           nonuniform List<scalar> 
20
(
-7.42428e-06
-7.42428e-06
-7.42428e-06
-7.42428e-06
-7.42428e-06
-7.42428e-06
-7.42428e-06
-7.42428e-06
-7.42428e-06
-7.42428e-06
-7.42428e-06
-7.42428e-06
-7.42428e-06
-7.42428e-06
-7.42428e-06
-7.42428e-06
-7.42428e-06
-7.42428e-06
-7.42428e-06
-7.42428e-06
)
;
    }
    outlet
    {
        type            calculated;
        value           uniform 0;
    }
    frontAndBack
    {
        type            empty;
    }
    topAndBottom
    {
        type            calculated;
        value           uniform 0;
    }
    defaultFaces
    {
        type            empty;
    }
}


// ************************************************************************* //
