/*--------------------------------*- C++ -*----------------------------------*\
  =========                 |
  \\      /  F ield         | OpenFOAM: The Open Source CFD Toolbox
   \\    /   O peration     | Website:  https://openfoam.org
    \\  /    A nd           | Version:  11
     \\/     M anipulation  |
\*---------------------------------------------------------------------------*/
FoamFile
{
    format      ascii;
    class       surfaceScalarField;
    location    "36";
    object      phi;
}
// * * * * * * * * * * * * * * * * * * * * * * * * * * * * * * * * * * * * * //

dimensions      [0 3 -1 0 0 0 0];

internalField   nonuniform List<scalar> 
5320
(
0
0
0
0
0
0
0
0
0
0
0
0
0
0
0
0
0
0
0
0
0
0
0
0
0
0
0
0
0
0
0
0
0
0
0
0
0
0
0
0
0
0
0
0
0
0
0
0
0
0
0
0
0
0
0
0
0
0
0
0
0
0
0
0
0
0
0
0
0
0
0
0
0
0
0
0
0
0
0
0
0
0
0
0
0
0
0
0
0
0
0
0
0
0
0
0
0
0
0
0
0
0
0
0
0
0
0
0
0
0
0
0
0
0
0
0
0
0
0
0
0
0
0
0
0
0
0
0
0
0
0
0
0
0
0
0
0
0
0
0
0
0
0
0
0
0
0
0
0
0
0
0
0
0
0
0
0
0
0
0
0
0
0
0
0
0
0
0
0
0
0
0
0
0
0
0
0
0
0
0
0
0
0
0
0
0
0
0
0
0
0
0
0
0
0
0
0
0
0
0
0
0
0
0
0
0
0
0
0
0
0
0
0
0
0
0
0
0
0
0
0
0
0
0
0
0
0
0
0
0
0
0
0
0
0
0
0
0
0
0
0
0
0
0
0
0
0
0
0
0
0
0
0
0
0
0
0
0
0
0
0
0
0
0
0
0
0
0
0
0
0
0
0
0
0
0
0
0
0
0
0
0
0
0
0
0
0
0
0
0
0
0
0
0
0
0
0
0
0
0
0
0
0
0
0
0
0
0
0
0
0
0
0
0
0
0
0
0
0
0
0
0
0
0
0
0
0
0
0
0
0
0
0
0
0
0
0
0
0
0
0
0
0
0
0
0
0
0
0
0
0
0
0
0
0
0
0
0
0
0
0
0
0
0
0
0
0
0
0
0
0
0
0
0
0
0
0
0
0
0
0
0
0
0
0
0
0
0
0
0
0
0
0
0
0
0
0
0
0
0
0
0
0
0
0
0
0
0
0
0
0
0
0
0
0
0
0
0
0
0
0
0
0
0
0
0
0
0
0
0
0
0
0
0
0
0
0
0
0
0
0
0
0
0
0
0
0
0
0
0
0
0
0
0
0
0
0
0
0
0
0
0
0
0
0
0
0
0
0
0
0
0
0
0
0
0
0
0
0
0
0
0
0
0
0
0
0
0
0
0
0
0
0
0
0
0
0
0
0
0
0
0
0
0
0
0
0
0
0
0
0
0
0
0
0
0
0
0
0
0
0
0
0
0
0
0
0
0
0
0
0
0
0
0
0
0
0
0
0
0
0
0
0
0
0
0
0
0
0
0
0
0
0
0
0
0
0
0
0
0
0
0
0
0
0
0
0
0
0
0
0
0
0
0
0
0
0
0
0
0
0
0
0
0
0
0
0
0
0
0
0
0
0
0
0
0
0
0
0
0
0
0
0
0
0
0
0
0
0
0
0
0
0
0
0
0
0
0
0
0
0
0
0
0
0
0
0
0
0
0
0
0
0
0
0
0
0
0
0
0
0
0
0
0
0
0
0
0
0
0
0
0
0
0
0
0
0
0
0
0
0
0
0
0
0
0
0
0
0
0
0
0
0
0
0
0
0
0
0
0
0
0
0
0
0
0
0
0
0
0
0
0
0
0
0
0
0
0
0
0
0
0
0
0
0
0
0
0
0
0
0
0
0
0
0
0
0
0
0
0
0
0
0
0
0
0
0
0
0
0
0
0
0
0
0
0
0
0
0
0
0
0
0
0
0
0
0
0
0
0
0
0
0
0
0
0
0
0
0
0
3.09944e-06
1.52588e-05
-6.4373e-06
7.62939e-06
-7.15256e-06
7.62939e-06
-8.9407e-06
7.62939e-06
-1.84774e-05
0
-1.75238e-05
-7.62939e-06
-2.44379e-05
0
-2.76566e-05
7.62939e-06
-2.69413e-05
7.62939e-06
-2.93255e-05
1.52588e-05
-3.50475e-05
1.52588e-05
-2.87294e-05
-1.52588e-05
-2.32458e-05
0
-2.6226e-05
0
-1.62125e-05
0
-4.64916e-06
-1.52588e-05
-1.16825e-05
0
-4.05312e-06
0
-2.26498e-06
1.52588e-05
0
3.33786e-06
0
-8.69673e-06
-1.05186e-05
-6.07018e-06
0
-7.44851e-06
0
-2.41528e-05
-7.36153e-06
-1.39984e-05
-8.71813e-06
-2.8376e-05
0
-3.22461e-05
1.94963e-05
-2.36448e-05
-7.62939e-06
-2.60682e-05
1.60537e-05
-4.41792e-05
0
-2.60632e-05
-1.83253e-05
-1.96263e-05
0
-3.27151e-05
1.37063e-05
-1.8623e-05
0
-4.41074e-06
-1.52588e-05
-1.53372e-05
0
-3.29703e-06
0
-2.38419e-06
5.73284e-05
0
2.86102e-06
7.53619e-06
-8.3537e-06
-3.82196e-05
-6.20599e-06
8.86653e-06
-7.59747e-06
-2.58304e-05
-2.43623e-05
-3.3044e-05
-1.40162e-05
-9.11289e-06
-2.74733e-05
0
-3.38226e-05
0
-2.36592e-05
-7.62939e-06
-2.6948e-05
-2.37845e-05
-4.36338e-05
0
-2.55315e-05
-1.88247e-05
-1.89934e-05
0
-3.26698e-05
3.46471e-05
-1.88171e-05
1.94212e-05
-4.41074e-06
-4.01312e-06
-1.49316e-05
0
-2.74413e-06
3.40146e-05
-2.74181e-06
6.55918e-05
1.52588e-05
2.38419e-06
1.6335e-05
-7.47505e-06
-2.03539e-05
-8.81123e-06
6.68726e-06
-7.49652e-06
0
-2.27735e-05
-1.36148e-05
-1.36031e-05
0
-2.72769e-05
0
-3.32355e-05
1.52588e-05
-2.30053e-05
0
-2.53056e-05
-7.62939e-06
-4.58083e-05
-2.00247e-05
-2.7527e-05
-2.33475e-05
-1.9724e-05
-3.7466e-05
-3.50271e-05
0
-1.98377e-05
1.23477e-05
-4.29153e-06
-2.35501e-05
-1.47409e-05
0
-2.59787e-06
6.02412e-05
-3.21865e-06
3.68724e-05
3.05176e-05
1.66893e-06
6.13917e-06
-6.90027e-06
-3.25186e-05
-8.36776e-06
1.30474e-05
-7.97769e-06
-1.05578e-05
-2.41285e-05
-5.08996e-05
-1.3894e-05
-3.98506e-05
-2.67327e-05
-1.52588e-05
-3.42133e-05
0
-2.31502e-05
0
-2.55005e-05
1.86252e-05
-4.30665e-05
-2.00603e-05
-2.48982e-05
-1.52588e-05
-1.78164e-05
-1.51262e-05
-3.16523e-05
1.92612e-05
-1.92718e-05
4.21147e-05
-4.05312e-06
8.13702e-07
-1.59432e-05
-4.0865e-05
-2.51078e-06
1.52588e-05
-3.09944e-06
8.20794e-05
3.05176e-05
7.15256e-07
1.90749e-05
-4.91146e-06
0
-1.0317e-05
1.20184e-05
-8.09048e-06
-2.79086e-05
-2.17315e-05
-1.19102e-05
-1.34643e-05
-3.00518e-05
-2.70636e-05
0
-3.48209e-05
-2.11696e-05
-2.27152e-05
7.62939e-06
-2.71024e-05
2.42248e-05
-4.4807e-05
-3.90031e-06
-2.76415e-05
-3.64751e-05
-1.85847e-05
-1.24004e-05
-3.31242e-05
1.19608e-05
-2.05519e-05
2.35556e-05
-4.17233e-06
0
-1.38047e-05
-5.79548e-05
-2.4288e-06
4.11506e-05
-3.69549e-06
3.81158e-05
1.52588e-05
7.15256e-07
7.62939e-06
-5.0551e-06
-2.9489e-05
-1.09555e-05
2.78267e-05
-8.324e-06
-1.76791e-05
-2.3023e-05
-3.99017e-05
-1.31416e-05
-2.25133e-05
-2.79503e-05
0
-3.24578e-05
-7.52209e-06
-2.19831e-05
1.30696e-05
-2.79995e-05
4.80957e-05
-4.40139e-05
-2.55109e-05
-2.65914e-05
0
-1.81694e-05
-2.494e-05
-3.15004e-05
1.86628e-05
-2.08467e-05
5.08847e-05
-4.41074e-06
0
-1.35505e-05
-2.95504e-05
-2.39537e-06
1.21581e-05
-3.8147e-06
1.52588e-05
0
0
6.39123e-06
-2.70842e-06
0
-1.18399e-05
1.78434e-05
-8.37905e-06
8.54429e-06
-2.16664e-05
-1.65802e-05
-1.2856e-05
0
-2.90823e-05
-1.00604e-05
-3.34479e-05
-3.05821e-05
-2.19909e-05
7.62939e-06
-3.38272e-05
6.60407e-05
-4.32417e-05
-4.0232e-05
-2.87523e-05
0
-1.77257e-05
-2.32128e-05
-3.17184e-05
2.12745e-05
-2.13921e-05
5.76994e-05
-4.63172e-06
1.97243e-05
-1.28578e-05
-1.51789e-05
-2.1875e-06
0
-3.69549e-06
5.6059e-05
1.52588e-05
0
0
-2.61185e-06
-1.04244e-05
-1.18754e-05
-1.52588e-05
-8.95031e-06
1.77229e-05
-2.15156e-05
0
-1.30507e-05
0
-2.94108e-05
-5.98257e-06
-3.23038e-05
-4.03657e-05
-2.11045e-05
0
-3.87864e-05
3.75306e-05
-4.29572e-05
-2.70228e-05
-3.21363e-05
-4.03076e-05
-1.74415e-05
-5.43313e-05
-3.33089e-05
1.21305e-05
-2.3053e-05
3.85755e-05
-4.56728e-06
1.39542e-05
-1.2594e-05
0
-2.27029e-06
0
-3.93391e-06
6.00478e-05
3.05176e-05
-2.38419e-07
-1.04479e-05
-2.672e-06
-2.10494e-05
-1.13586e-05
0
-9.19911e-06
-7.62939e-06
-2.12568e-05
1.81634e-05
-1.33461e-05
9.68738e-06
-2.97175e-05
-2.99364e-05
-3.01966e-05
-1.32425e-05
-1.98075e-05
2.77443e-05
-4.02629e-05
9.13035e-05
-4.09112e-05
-3.96439e-05
-2.94777e-05
-3.99631e-07
-1.66676e-05
0
-3.12119e-05
0
-2.21535e-05
4.78222e-05
-4.60039e-06
2.32225e-05
-1.2904e-05
-2.00761e-05
-2.40711e-06
0
-4.41074e-06
1.22667e-05
1.52588e-05
-4.76837e-07
0
-2.54898e-06
-2.03434e-05
-1.17256e-05
-1.92582e-05
-8.74951e-06
0
-2.18712e-05
0
-1.35467e-05
0
-2.93732e-05
0
-3.07557e-05
-2.97933e-05
-2.02113e-05
5.2422e-06
-4.53037e-05
3.95841e-05
-4.01858e-05
-3.54934e-05
-3.21587e-05
0
-1.65499e-05
0
-3.08338e-05
3.39233e-05
-2.38838e-05
4.3238e-05
-4.61146e-06
3.97099e-05
-1.27521e-05
-2.66082e-05
-2.18124e-06
0
-3.93391e-06
4.015e-05
1.52588e-05
-7.68411e-07
-7.62939e-06
-2.41214e-06
0
-1.09663e-05
0
-8.80275e-06
6.00161e-06
-2.1562e-05
0
-1.37587e-05
0
-3.01235e-05
-1.77392e-05
-2.92529e-05
0
-1.94547e-05
0
-4.45722e-05
3.54107e-05
-3.84555e-05
-1.14716e-05
-3.16476e-05
1.98951e-05
-1.64887e-05
1.56043e-05
-3.009e-05
0
-2.33501e-05
7.61165e-05
-4.69687e-06
-1.34244e-06
-1.30418e-05
-7.98965e-05
-2.14577e-06
-1.9954e-05
-4.29153e-06
3.87142e-05
0
-5.5801e-07
7.62939e-06
-2.47604e-06
-2.98564e-05
-1.07641e-05
7.62939e-06
-8.99921e-06
1.52588e-05
-2.17944e-05
-1.52588e-05
-1.37693e-05
-1.76114e-05
-3.03908e-05
-1.52588e-05
-3.00652e-05
-1.17221e-05
-1.91484e-05
1.7612e-05
-4.45169e-05
1.97929e-05
-3.78755e-05
3.62003e-05
-3.33147e-05
0
-1.65841e-05
0
-3.02201e-05
-1.41305e-05
-2.40948e-05
5.79635e-05
-4.7933e-06
3.96774e-05
-1.11924e-05
-5.97561e-05
-1.78814e-06
1.98834e-05
-4.52995e-06
0
1.52588e-05
-9.55435e-07
0
-1.7692e-06
-2.022e-05
-1.0842e-05
0
-9.31734e-06
2.98125e-05
-2.15197e-05
-1.33649e-05
-1.38506e-05
-7.62939e-06
-3.0797e-05
-2.99109e-05
-2.94189e-05
-9.13453e-06
-1.96535e-05
0
-4.76846e-05
-5.06666e-06
-3.87159e-05
1.52588e-05
-3.32295e-05
3.49999e-05
-1.71586e-05
-3.15796e-05
-2.72856e-05
0
-2.52094e-05
7.73024e-05
-5.21741e-06
1.47852e-05
-1.11421e-05
-2.95198e-05
-1.90735e-06
1.25576e-05
-4.29153e-06
2.03058e-05
0
-2.0619e-06
-2.79575e-05
-1.91293e-06
-7.62939e-06
-1.05052e-05
0
-1.01592e-05
0
-2.19372e-05
-2.79324e-05
-1.39329e-05
-2.25651e-05
-2.92995e-05
-7.48197e-06
-2.79657e-05
0
-1.93565e-05
0
-4.46938e-05
-1.42773e-05
-4.05566e-05
1.83608e-05
-3.36804e-05
-1.7299e-05
-1.59619e-05
1.52588e-05
-2.66269e-05
1.9242e-05
-2.59388e-05
5.94708e-05
-5.75312e-06
1.95551e-05
-1.04924e-05
-3.05176e-05
-1.90735e-06
0
-4.41074e-06
-1.52588e-05
1.52588e-05
-1.3675e-06
-1.01299e-05
-2.14577e-06
-1.34139e-05
-1.02803e-05
-1.77077e-05
-1.06447e-05
-1.34734e-05
-2.09392e-05
-2.098e-05
-1.36088e-05
-7.62939e-06
-3.01065e-05
-1.01919e-05
-2.90701e-05
-9.37471e-06
-1.95332e-05
-6.18065e-06
-4.3867e-05
-1.99579e-05
-3.79939e-05
2.25725e-05
-3.22548e-05
1.83227e-05
-1.68277e-05
1.86891e-05
-2.70675e-05
-1.52588e-05
-2.71909e-05
3.26187e-05
-6.37836e-06
0
-1.01957e-05
3.02276e-06
-1.90735e-06
1.434e-05
-4.29153e-06
-1.30183e-05
0
-1.84107e-06
-5.94004e-06
-1.90735e-06
-6.52449e-06
-1.03102e-05
-5.73221e-06
-1.09904e-05
-2.04905e-05
-2.05334e-05
0
-1.37902e-05
-5.37692e-06
-2.9397e-05
-1.20716e-05
-2.84056e-05
0
-1.91214e-05
7.62939e-06
-4.33389e-05
1.67235e-05
-4.2064e-05
4.74277e-06
-3.42336e-05
-1.96618e-05
-1.69886e-05
0
-2.45177e-05
0
-2.62687e-05
1.85658e-05
-6.19269e-06
3.5305e-05
-1.0101e-05
-3.20811e-05
-1.78394e-06
0
-4.17233e-06
-2.68938e-05
0
-2.15008e-06
-1.52588e-05
-1.90735e-06
-2.06847e-05
-1.05393e-05
-1.99945e-05
-9.97511e-06
0
-2.12259e-05
0
-1.36439e-05
0
-2.9077e-05
-1.52588e-05
-2.83292e-05
7.62939e-06
-1.939e-05
0
-4.27246e-05
4.1233e-05
-4.06892e-05
1.87225e-05
-3.1684e-05
-1.2245e-05
-1.69124e-05
0
-2.3578e-05
-1.52588e-05
-2.81795e-05
1.827e-05
-6.77402e-06
0
-9.3722e-06
-2.65231e-05
-1.93755e-06
-1.52588e-05
-3.8147e-06
0
1.52588e-05
-2.19914e-06
-1.52588e-05
-1.43012e-06
0
-9.99804e-06
-7.62939e-06
-1.01896e-05
0
-2.14396e-05
-7.62939e-06
-1.39489e-05
0
-2.87654e-05
0
-2.92666e-05
7.62939e-06
-1.94794e-05
0
-4.61202e-05
0
-4.0637e-05
0
-3.08513e-05
-1.52588e-05
-1.71495e-05
0
-2.2363e-05
1.52588e-05
-2.70985e-05
0
-6.56048e-06
1.52588e-05
-9.25691e-06
0
-1.78246e-06
0
-3.69549e-06
1.52588e-05
1.52588e-05
-1.43051e-06
-2.14577e-06
-7.98702e-06
-1.21593e-05
-1.70469e-05
-1.72853e-05
-2.39611e-05
-2.57492e-05
-2.37226e-05
-3.57628e-05
-3.57628e-05
-2.86102e-05
-2.07424e-05
-2.13385e-05
-2.13385e-05
-8.70228e-06
-7.27177e-06
-2.26498e-06
-3.93391e-06
0
0
0
0
0
0
0
0
0
0
0
0
0
0
0
0
0
0
0
0
0
0
0
0
0
0
0
0
0
0
0
0
0
0
0
0
0
0
0
0
0
0
0
0
0
0
0
0
0
0
0
0
0
0
0
0
0
0
0
0
0
0
0
0
0
0
0
0
0
0
0
0
0
0
0
0
0
0
0
0
0
0
0
0
0
0
0
0
0
0
0
0
0
0
0
0
0
0
0
0
0
0
0
0
0
0
0
0
0
0
0
0
0
0
0
0
0
0
0
0
0
0
0
0
0
0
0
0
0
0
0
0
0
0
0
0
0
0
0
0
0
0
0
0
0
0
0
0
0
0
0
0
0
0
0
0
0
0
0
0
0
0
0
0
0
0
0
0
0
0
0
0
0
0
0
0
0
0
0
0
0
0
0
0
0
0
0
0
0
0
0
0
0
0
0
0
0
0
0
0
0
0
0
0
0
0
0
0
0
0
0
0
0
0
0
0
0
0
0
0
0
0
0
0
0
0
0
0
0
0
0
0
0
0
0
0
0
0
0
0
0
0
0
0
0
0
0
0
0
0
0
0
0
0
0
0
0
0
0
0
0
0
0
0
0
0
0
0
0
0
0
0
0
0
0
0
0
0
0
0
0
0
0
0
0
0
0
0
0
0
0
0
0
0
0
0
0
0
0
0
0
0
0
0
0
0
0
0
0
0
0
0
0
0
0
0
0
0
0
0
0
0
0
0
0
0
0
0
0
0
0
0
0
0
0
0
0
0
0
0
0
0
0
0
0
0
0
0
0
0
0
0
0
0
0
0
0
0
0
0
0
0
0
0
0
0
0
0
0
0
0
0
0
0
0
0
0
0
0
0
0
0
0
0
0
0
0
0
0
0
0
0
0
0
0
0
0
0
0
0
0
0
0
0
0
0
0
0
0
0
0
0
0
0
0
0
0
0
0
0
0
0
0
0
0
0
0
0
0
0
0
0
0
0
0
0
0
0
0
0
0
0
0
0
0
0
0
0
0
0
0
0
0
0
0
0
0
0
0
0
0
0
0
0
0
0
0
0
0
0
0
0
0
0
0
0
0
0
0
0
0
0
0
0
0
0
0
0
0
0
0
0
0
0
0
0
0
0
0
0
0
0
0
0
0
0
0
0
0
0
0
0
0
0
0
0
0
0
0
0
0
0
0
0
0
0
0
0
0
0
0
0
0
0
0
0
0
0
0
0
0
0
0
0
0
0
0
0
0
0
0
0
0
0
0
0
0
0
0
0
0
0
0
0
0
0
0
0
0
0
0
0
0
0
0
0
0
0
0
0
0
0
0
0
0
0
0
0
0
0
0
0
0
0
0
0
0
0
0
0
0
0
0
0
0
0
0
0
0
0
0
0
0
0
0
0
0
0
0
0
0
0
0
0
0
0
0
0
0
0
0
0
0
0
0
0
0
0
0
0
0
0
0
0
0
0
0
0
0
0
0
0
0
0
0
0
0
0
0
0
0
0
0
0
0
0
0
0
0
0
0
0
0
0
0
0
0
0
0
0
0
0
0
0
0
0
0
0
0
0
0
0
0
0
0
0
0
0
0
0
0
0
0
0
0
0
0
0
0
0
0
0
0
0
0
0
0
0
0
0
0
0
0
0
0
0
0
0
0
0
0
0
0
0
0
0
0
0
0
0
0
0
0
0
0
0
0
0
0
0
0
0
0
0
0
0
0
0
0
0
0
0
0
0
0
0
0
0
0
0
0
0
0
0
0
0
0
0
0
0
0
0
0
0
0
0
0
0
0
0
0
0
0
0
0
0
0
0
0
0
0
0
0
0
0
0
0
0
0
0
0
0
0
0
0
0
0
0
0
0
0
0
0
0
0
0
0
0
0
0
0
0
0
0
0
0
0
0
0
0
0
0
0
0
0
0
0
0
0
0
0
0
0
0
0
0
0
0
0
0
0
0
0
0
0
0
0
0
0
0
0
0
0
0
0
0
0
0
0
0
0
0
0
0
0
0
0
0
0
0
0
0
0
0
0
0
0
0
0
0
0
0
0
0
0
0
0
0
0
0
0
0
0
0
0
0
0
0
0
0
0
0
0
0
0
0
0
0
0
0
0
0
0
0
0
0
0
0
0
0
0
0
0
0
0
0
0
0
0
0
0
0
0
0
0
0
0
0
0
0
0
0
0
0
0
0
0
0
0
0
0
0
0
0
0
0
0
0
0
0
0
0
0
0
0
0
0
0
0
0
0
0
0
0
0
0
0
0
0
0
0
0
0
0
0
0
0
0
0
0
0
0
0
0
0
0
0
0
0
0
0
0
0
0
0
0
0
0
0
0
0
0
0
0
0
0
0
0
0
0
0
0
0
0
0
0
0
0
0
0
0
0
0
0
0
0
0
0
0
0
0
0
0
0
0
0
0
0
0
0
0
0
0
0
0
0
0
0
0
0
0
0
0
0
0
0
0
0
0
0
0
0
0
0
0
0
0
0
0
0
0
0
0
0
0
0
0
0
0
0
0
0
0
0
0
0
0
0
0
0
0
0
0
0
0
0
0
0
0
0
0
0
0
0
0
0
0
0
0
0
0
0
0
0
0
0
0
0
0
0
0
0
0
0
0
0
0
0
0
0
0
0
0
0
0
0
0
0
0
0
0
0
0
0
0
0
0
0
0
0
0
0
0
0
0
0
0
0
0
0
0
0
0
0
0
0
0
0
0
0
0
0
0
0
0
0
0
0
0
0
0
0
0
0
0
0
0
0
0
0
0
0
0
0
0
0
0
0
0
0
0
0
0
0
0
0
0
0
0
0
0
0
0
0
0
0
0
0
0
0
0
0
0
0
0
0
0
0
0
0
0
0
0
0
0
0
0
0
0
0
0
0
0
0
0
0
0
0
0
0
0
0
0
0
0
0
0
0
0
0
0
0
0
0
0
0
0
0
0
0
0
0
0
0
0
0
0
0
0
0
0
0
0
0
0
0
0
0
0
0
0
0
0
0
0
0
0
0
0
0
0
0
0
0
0
0
0
0
0
0
0
0
0
0
0
0
0
0
0
0
0
0
0
0
0
0
0
0
0
0
0
0
0
0
0
0
0
0
0
0
0
0
0
0
0
0
0
0
0
0
0
0
0
0
0
0
0
0
0
0
0
0
0
0
0
0
0
0
0
0
0
0
0
0
0
0
0
0
0
0
0
0
0
0
0
0
0
0
0
0
0
0
0
0
0
0
0
0
0
0
0
0
0
0
0
0
0
0
0
0
0
0
0
0
0
0
0
0
0
0
0
0
0
0
0
0
0
0
0
0
0
0
0
0
0
0
0
0
0
0
0
0
0
0
0
0
0
0
0
0
0
0
0
0
0
0
0
0
0
0
0
0
0
0
0
0
0
0
0
0
0
0
0
0
0
0
0
0
0
0
0
0
0
0
0
0
0
0
0
0
0
0
0
0
0
0
0
0
0
0
0
0
0
0
0
0
0
0
0
0
0
0
0
0
0
0
0
0
0
0
0
0
0
0
0
0
0
0
0
0
0
0
0
0
0
0
0
0
0
0
0
0
0
0
0
0
0
0
0
0
0
0
0
0
0
0
0
0
0
0
0
0
0
0
0
0
0
0
0
0
0
0
0
0
0
0
0
0
0
0
0
0
0
0
0
0
0
0
0
0
0
0
0
0
0
0
0
0
0
0
0
0
0
0
0
0
0
0
0
0
0
0
0
0
0
0
0
0
0
0
0
0
0
0
0
0
0
0
0
0
0
0
0
0
0
0
0
0
0
0
0
0
0
0
0
0
0
0
0
0
0
0
0
0
0
0
0
0
0
0
0
0
0
0
0
0
0
0
0
0
0
0
0
0
0
0
0
0
0
0
0
0
0
0
0
0
0
0
0
0
0
0
0
0
0
0
0
0
0
0
0
0
0
0
0
0
0
0
0
0
0
0
0
0
0
0
0
0
0
0
0
0
0
0
0
0
0
0
0
0
0
0
0
0
0
0
0
0
0
0
0
0
0
0
0
0
0
0
0
0
0
0
0
0
0
0
0
0
0
0
0
0
0
0
0
0
0
0
0
0
0
0
0
0
0
0
0
0
0
0
0
0
0
0
0
0
0
0
0
0
0
0
0
0
0
0
0
0
0
0
0
0
0
0
0
0
0
0
0
0
0
0
0
0
0
0
0
0
0
0
0
0
0
0
0
0
0
0
0
0
0
0
0
0
0
0
0
0
0
0
0
0
0
0
0
0
0
0
0
0
0
0
0
0
0
0
0
0
0
0
0
0
0
0
0
0
0
0
0
0
0
0
0
0
0
0
0
0
0
0
0
0
0
0
0
0
0
0
0
0
0
0
0
0
0
0
0
0
0
0
0
0
0
0
0
0
0
0
0
0
0
0
0
0
0
0
0
0
0
0
0
0
0
0
0
0
0
0
0
0
0
0
0
0
0
0
0
0
0
0
0
0
0
0
0
0
0
0
0
0
0
0
0
0
0
0
0
0
0
0
0
0
0
0
0
0
0
0
0
0
0
0
0
0
0
0
0
0
0
0
0
0
0
0
0
0
0
0
0
0
0
0
0
0
0
0
0
0
0
0
0
0
0
0
0
0
0
0
0
0
0
0
0
0
0
0
0
0
0
0
0
0
0
0
0
0
0
0
0
0
0
0
0
0
0
0
0
0
0
0
0
0
0
0
0
0
0
0
0
0
0
0
0
0
0
0
0
0
0
0
0
0
0
0
0
0
0
0
0
0
0
0
0
0
0
0
0
0
0
0
0
0
0
0
0
0
0
0
0
0
0
0
0
0
0
0
0
0
0
0
0
0
0
0
0
0
0
0
0
0
0
0
0
0
0
0
0
0
0
0
0
0
0
0
0
0
0
0
0
0
0
0
0
0
0
0
0
0
0
0
0
0
0
0
0
0
0
0
0
0
0
0
0
0
0
0
0
0
0
0
0
0
0
0
0
0
0
0
0
0
0
0
0
0
0
0
0
0
0
0
0
0
0
0
0
0
0
0
0
0
0
0
0
0
0
0
0
0
0
0
0
0
0
0
0
0
0
0
0
0
0
0
0
0
0
0
0
0
0
0
0
0
0
0
0
0
0
0
0
0
0
0
0
0
0
0
0
0
0
0
0
0
0
0
0
0
0
0
0
0
0
0
0
0
0
0
0
0
0
0
0
0
0
0
0
0
0
0
0
0
0
0
0
0
0
0
0
0
0
0
0
0
0
0
0
0
0
0
0
0
0
0
0
0
0
0
0
0
0
0
0
0
0
0
0
0
0
0
0
0
0
0
0
0
0
0
0
0
0
0
0
0
0
0
0
0
0
0
0
0
0
0
0
0
0
0
0
0
0
0
0
0
0
0
0
0
0
0
0
0
0
0
0
0
0
0
0
0
0
0
0
0
0
0
0
0
0
0
0
0
0
0
0
0
0
0
0
0
0
0
0
0
0
0
0
0
0
0
0
0
0
0
0
0
0
0
0
0
0
0
0
0
0
0
0
0
0
0
0
0
0
0
0
0
0
0
0
0
0
0
0
0
0
0
0
0
0
0
0
0
0
0
0
0
0
0
0
0
0
0
0
0
0
0
0
0
0
0
0
0
0
0
0
0
0
0
0
0
0
0
0
0
0
0
0
0
0
0
0
0
0
0
0
0
0
0
0
0
0
0
0
0
0
0
0
0
0
0
0
0
0
0
0
0
0
0
0
0
0
0
0
0
0
0
0
0
0
0
0
0
0
0
0
0
0
0
0
0
0
0
0
0
0
0
0
0
0
0
0
0
0
0
0
0
0
0
0
0
0
0
0
0
0
0
0
0
0
0
0
0
0
0
0
0
0
0
0
0
0
0
0
0
0
0
0
0
0
0
0
0
0
0
0
0
0
0
0
0
0
0
0
0
0
0
0
0
0
0
0
0
0
0
0
0
0
0
0
0
0
0
0
0
0
0
0
0
0
0
0
0
0
0
0
0
0
0
0
0
0
0
0
0
0
0
0
0
0
0
0
0
0
0
0
0
0
0
0
0
0
0
0
0
0
0
0
0
0
0
0
0
0
0
0
0
0
0
0
0
0
0
0
0
0
0
0
0
0
0
0
0
0
0
0
0
0
0
0
0
0
0
0
0
0
0
0
0
0
0
0
0
0
0
0
0
0
0
0
0
0
0
0
0
0
0
0
0
0
0
0
0
0
0
0
0
0
0
0
0
0
0
0
0
0
0
0
0
0
0
0
0
0
0
0
0
0
0
0
0
0
0
0
0
0
0
0
0
0
0
0
0
0
0
0
0
0
0
0
0
0
0
0
0
0
0
0
0
0
0
0
0
0
0
0
0
0
0
0
0
0
0
0
0
0
0
0
0
0
0
0
0
0
0
0
0
0
0
0
0
0
0
0
0
0
0
0
0
0
0
0
0
0
0
0
0
0
0
0
0
0
0
0
0
0
0
0
0
0
0
0
0
0
0
0
0
0
0
0
0
0
0
0
0
0
0
0
0
0
0
0
0
0
0
0
0
0
0
0
0
0
0
0
0
0
0
0
0
0
0
0
0
0
0
0
0
0
0
0
0
0
0
0
0
0
0
0
0
0
0
0
0
0
0
0
0
0
0
0
0
0
0
0
0
0
0
0
0
0
0
0
0
0
0
0
0
0
0
0
0
0
0
0
0
0
0
0
0
0
0
0
0
0
0
0
0
0
0
0
0
0
0
0
0
0
0
0
0
0
0
0
0
0
0
0
0
0
0
0
0
0
0
0
0
0
0
0
0
0
0
0
0
0
0
0
0
0
0
0
0
0
0
0
0
0
0
0
0
0
0
0
0
0
0
0
0
0
0
0
0
0
0
0
0
0
0
0
0
0
0
0
0
0
0
0
0
0
0
0
0
0
0
0
0
0
0
0
0
0
0
0
0
0
0
0
0
0
0
0
0
0
0
0
0
0
0
0
0
0
0
0
0
0
0
0
0
0
0
0
0
0
0
0
0
0
0
0
0
0
0
0
0
0
0
0
0
0
0
0
0
0
0
0
0
0
0
0
0
0
0
0
0
0
0
0
0
0
0
0
0
0
0
0
0
0
0
0
0
0
0
0
0
0
0
0
0
0
0
0
0
0
0
0
0
0
0
0
0
0
0
0
0
0
0
0
0
0
0
0
0
0
0
0
0
0
0
0
0
0
0
0
0
0
0
0
0
0
0
0
0
0
0
0
0
0
0
0
0
0
0
0
0
0
0
0
0
0
0
0
0
0
0
0
0
0
0
0
0
0
0
0
0
0
0
0
0
0
0
0
0
0
0
0
0
0
0
0
0
0
0
0
0
0
0
0
0
0
0
0
0
0
0
0
0
0
0
0
0
0
0
0
0
0
0
0
0
0
0
0
0
0
0
0
0
0
0
0
0
0
0
0
0
0
0
0
0
0
0
0
0
0
0
0
0
0
0
0
0
0
0
0
0
0
0
0
0
0
0
0
0
0
0
0
0
0
0
0
0
0
0
0
0
0
0
0
0
0
0
0
0
0
0
0
0
0
0
0
0
0
0
0
0
0
0
0
0
0
0
0
0
0
0
0
0
0
0
0
0
0
0
0
0
0
0
0
0
0
0
0
0
0
0
0
0
0
0
0
0
0
0
0
0
0
0
0
0
0
0
0
0
0
0
0
0
0
0
0
0
0
0
0
0
0
0
0
0
0
0
0
0
0
0
0
0
0
0
0
0
0
0
0
0
0
0
0
0
0
0
0
0
0
0
0
0
0
0
0
0
0
0
0
0
0
0
0
0
0
0
0
0
0
0
0
0
0
0
0
0
0
0
0
0
0
0
0
0
0
0
0
0
0
0
0
0
0
0
0
0
0
0
0
0
0
0
0
0
0
0
0
0
0
0
0
0
0
0
0
0
0
0
0
0
0
0
0
0
0
0
0
0
0
0
0
0
0
0
0
0
0
0
0
0
0
0
0
0
0
0
0
0
0
0
0
0
0
0
0
0
0
0
0
0
0
0
0
0
0
0
0
0
0
0
0
0
0
0
0
0
0
0
0
0
0
0
0
0
0
0
0
0
0
0
0
0
0
0
0
0
0
0
0
0
0
0
0
0
0
0
0
0
0
0
0
0
0
0
0
0
0
0
0
0
0
0
0
0
0
0
0
0
0
0
0
0
0
0
0
0
0
0
0
0
0
0
0
0
0
0
0
0
0
0
0
0
0
0
0
0
0
0
0
0
0
0
0
0
0
0
0
0
0
0
0
0
0
0
0
0
0
0
0
0
0
0
0
0
0
0
0
0
0
0
0
0
0
0
0
0
0
0
0
0
0
0
0
0
0
0
0
0
0
0
0
0
0
0
0
0
0
0
0
0
0
0
0
0
0
0
0
0
0
0
0
0
0
0
0
0
0
0
0
0
0
0
0
0
0
0
0
0
0
0
0
0
0
0
0
0
0
0
0
0
0
0
0
0
0
0
0
0
0
0
0
0
0
0
0
0
0
0
0
0
0
0
0
0
0
0
0
0
0
0
0
0
0
0
0
0
0
0
0
0
0
0
0
0
0
0
0
0
0
0
0
0
0
0
0
0
0
0
0
0
)
;

boundaryField
{
    inlet
    {
        type            calculated;
        value           nonuniform List<scalar> 
20
(
-7.42428e-06
-7.42428e-06
-7.42428e-06
-7.42428e-06
-7.42428e-06
-7.42428e-06
-7.42428e-06
-7.42428e-06
-7.42428e-06
-7.42428e-06
-7.42428e-06
-7.42428e-06
-7.42428e-06
-7.42428e-06
-7.42428e-06
-7.42428e-06
-7.42428e-06
-7.42428e-06
-7.42428e-06
-7.42428e-06
)
;
    }
    outlet
    {
        type            calculated;
        value           uniform 0;
    }
    frontAndBack
    {
        type            empty;
    }
    topAndBottom
    {
        type            calculated;
        value           uniform 0;
    }
    defaultFaces
    {
        type            empty;
    }
}


// ************************************************************************* //
