/*--------------------------------*- C++ -*----------------------------------*\
  =========                 |
  \\      /  F ield         | OpenFOAM: The Open Source CFD Toolbox
   \\    /   O peration     | Website:  https://openfoam.org
    \\  /    A nd           | Version:  11
     \\/     M anipulation  |
\*---------------------------------------------------------------------------*/
FoamFile
{
    format      ascii;
    class       surfaceScalarField;
    location    "48";
    object      phi;
}
// * * * * * * * * * * * * * * * * * * * * * * * * * * * * * * * * * * * * * //

dimensions      [0 3 -1 0 0 0 0];

internalField   nonuniform List<scalar> 
5320
(
0
0
0
0
0
0
0
0
0
0
0
0
0
0
0
0
0
0
0
0
0
0
0
0
0
0
0
0
0
0
0
0
0
0
0
0
0
0
0
0
0
0
0
0
0
0
0
0
0
0
0
0
0
0
0
0
0
0
0
0
0
0
0
0
0
0
0
0
0
0
0
0
0
0
0
0
0
0
0
0
0
0
0
0
0
0
0
0
0
0
0
0
0
0
0
0
0
0
0
0
0
0
0
0
0
0
0
0
0
0
0
0
0
0
0
0
0
0
0
0
0
0
0
0
0
0
0
0
0
0
0
0
0
0
0
0
0
0
0
0
0
0
0
0
0
0
0
0
0
0
0
0
0
0
0
0
0
0
0
0
0
0
0
0
0
0
0
0
0
0
0
0
0
0
0
0
0
0
0
0
0
0
0
0
0
0
0
0
0
0
0
0
0
0
0
0
0
0
0
0
0
0
0
0
0
0
0
0
0
0
0
0
0
0
0
0
0
0
0
0
0
0
0
0
0
0
0
0
0
0
0
0
0
0
0
0
0
0
0
0
0
0
0
0
0
0
0
0
0
0
0
0
0
0
0
0
0
0
0
0
0
0
0
0
0
0
0
0
0
0
0
0
0
0
0
0
0
0
0
0
0
0
0
0
0
0
0
0
0
0
0
0
0
0
0
0
0
0
0
0
0
0
0
0
0
0
0
0
0
0
0
0
0
0
0
0
0
0
0
0
0
0
0
0
0
0
0
0
0
0
0
0
0
0
0
0
0
0
0
0
0
0
0
0
0
0
0
0
0
0
0
0
0
0
0
0
0
0
0
0
0
0
0
0
0
0
0
0
0
0
0
0
0
0
0
0
0
0
0
0
0
0
0
0
0
0
0
0
0
0
0
0
0
0
0
0
0
0
0
0
0
0
0
0
0
0
0
0
0
0
0
0
0
0
0
0
0
0
0
0
0
0
0
0
0
0
0
0
0
0
0
0
0
0
0
0
0
0
0
0
0
0
0
0
0
0
0
0
0
0
0
0
0
0
0
0
0
0
0
0
0
0
0
0
0
0
0
0
0
0
0
0
0
0
0
0
0
0
0
0
0
0
0
0
0
0
0
0
0
0
0
0
0
0
0
0
0
0
0
0
0
0
0
0
0
0
0
0
0
0
0
0
0
0
0
0
0
0
0
0
0
0
0
0
0
0
0
0
0
0
0
0
0
0
0
0
0
0
0
0
0
0
0
0
0
0
0
0
0
0
0
0
0
0
0
0
0
0
0
0
0
0
0
0
0
0
0
0
0
0
0
0
0
0
0
0
0
0
0
0
0
0
0
0
0
0
0
0
0
0
0
0
0
0
0
0
0
0
0
0
0
0
0
0
0
0
0
0
0
0
0
0
0
0
0
0
0
0
0
0
0
0
0
0
0
0
0
0
0
0
0
0
0
0
0
0
0
0
0
0
0
0
0
0
0
0
0
0
0
0
0
0
0
0
0
0
0
0
0
0
0
0
0
0
0
0
0
0
0
0
0
0
0
0
0
0
0
0
0
0
0
0
0
0
0
0
0
0
0
0
0
0
0
0
0
0
0
0
0
0
0
0
0
0
0
0
0
0
0
0
0
0
0
0
0
0
0
0
0
0
0
0
0
0
0
0
0
0
0
0
0
0
0
0
0
0
0
0
0
0
0
0
0
0
0
0
0
0
0
0
0
0
0
0
0
0
0
0
0
0
2.86102e-06
7.62939e-06
-6.4373e-06
7.62939e-06
-7.03335e-06
7.62939e-06
-8.9407e-06
7.62939e-06
-1.84774e-05
0
-1.7643e-05
-7.62939e-06
-2.44379e-05
0
-2.77758e-05
1.52588e-05
-2.71797e-05
7.62939e-06
-2.95639e-05
1.52588e-05
-3.50475e-05
1.52588e-05
-2.87294e-05
-1.52588e-05
-2.32458e-05
1.52588e-05
-2.6226e-05
0
-1.60933e-05
0
-4.64916e-06
0
-1.16825e-05
0
-4.05312e-06
0
-2.26498e-06
1.52588e-05
0
3.09944e-06
0
-8.68782e-06
-1.02774e-05
-6.07406e-06
0
-7.29649e-06
0
-2.39232e-05
-1.47616e-05
-1.40089e-05
-8.66179e-06
-2.80169e-05
0
-3.20822e-05
2.1164e-05
-2.35733e-05
-1.52588e-05
-2.59772e-05
1.52588e-05
-4.40499e-05
0
-2.58639e-05
-3.35721e-05
-1.93148e-05
-1.52588e-05
-3.26138e-05
1.4238e-05
-1.89205e-05
0
-4.52995e-06
-4.51793e-06
-1.52077e-05
0
-3.26057e-06
0
-2.26498e-06
6.49878e-05
0
3.09944e-06
7.55408e-06
-8.5996e-06
-3.87168e-05
-6.18501e-06
8.86899e-06
-7.58663e-06
-1.82174e-05
-2.43493e-05
-4.08367e-05
-1.38919e-05
-8.96473e-06
-2.7778e-05
0
-3.40656e-05
0
-2.33084e-05
-7.62939e-06
-2.66019e-05
-3.86706e-05
-4.38843e-05
0
-2.5689e-05
-1.88758e-05
-1.9159e-05
0
-3.25455e-05
3.60603e-05
-1.86327e-05
4.15477e-06
-4.29153e-06
-1.95576e-05
-1.49325e-05
0
-2.66688e-06
3.10985e-05
-2.74181e-06
7.49571e-05
1.52588e-05
2.14577e-06
1.30492e-05
-7.51531e-06
-2.0269e-05
-8.77995e-06
7.62939e-06
-7.47341e-06
0
-2.28947e-05
-2.42811e-05
-1.37184e-05
0
-2.74067e-05
0
-3.33431e-05
7.40861e-06
-2.30088e-05
0
-2.58773e-05
-1.5441e-05
-4.6344e-05
-3.94434e-05
-2.75068e-05
-2.34303e-05
-1.96867e-05
-3.74663e-05
-3.52198e-05
-1.52588e-05
-1.96771e-05
1.28205e-05
-4.17233e-06
-3.61662e-05
-1.47278e-05
0
-2.59178e-06
5.64161e-05
-3.21865e-06
4.57764e-05
3.05176e-05
1.43051e-06
6.22208e-06
-6.89276e-06
-3.05333e-05
-8.39631e-06
1.45023e-05
-8.00406e-06
-1.04329e-05
-2.39841e-05
-5.08848e-05
-1.40977e-05
-3.98239e-05
-2.70234e-05
-1.52588e-05
-3.40826e-05
0
-2.3056e-05
0
-2.52255e-05
1.10351e-05
-4.31539e-05
-2.37187e-05
-2.5177e-05
-1.68013e-05
-1.78225e-05
-1.5126e-05
-3.14112e-05
1.92892e-05
-1.9416e-05
3.43965e-05
-4.17233e-06
-1.87789e-05
-1.56927e-05
-4.08992e-05
-2.5284e-06
1.52588e-05
-3.09944e-06
9.6434e-05
3.05176e-05
7.15256e-07
2.71273e-05
-4.95226e-06
0
-1.04083e-05
5.99622e-06
-8.18512e-06
-2.16462e-05
-2.17442e-05
-1.921e-05
-1.33862e-05
-2.9069e-05
-2.69206e-05
0
-3.47511e-05
-2.88001e-05
-2.25906e-05
1.52588e-05
-2.67351e-05
2.56763e-05
-4.40698e-05
-1.87588e-05
-2.69783e-05
-3.64159e-05
-1.85265e-05
0
-3.38043e-05
1.26306e-05
-2.0903e-05
3.05176e-05
-4.05312e-06
0
-1.3881e-05
-6.07072e-05
-2.43446e-06
6.02233e-05
-3.69549e-06
3.83008e-05
1.52588e-05
4.76837e-07
7.62939e-06
-4.69988e-06
-2.83455e-05
-1.0825e-05
2.97644e-05
-8.20928e-06
-1.00599e-05
-2.3077e-05
-4.07216e-05
-1.31359e-05
-1.99817e-05
-2.78817e-05
0
-3.26301e-05
-1.52427e-05
-2.2202e-05
1.29893e-05
-2.77518e-05
4.4522e-05
-4.30314e-05
-2.75759e-05
-2.65903e-05
0
-1.84886e-05
-3.47293e-05
-3.15572e-05
1.52588e-05
-2.06006e-05
5.10212e-05
-4.29153e-06
0
-1.3477e-05
-3.05176e-05
-2.30705e-06
-3.06714e-06
-3.8147e-06
1.52588e-05
0
0
6.34028e-06
-2.90318e-06
0
-1.18739e-05
9.98468e-06
-8.2824e-06
8.54469e-06
-2.16038e-05
-1.36016e-05
-1.29649e-05
0
-2.91207e-05
-1.00687e-05
-3.30891e-05
-2.97046e-05
-2.16526e-05
6.78815e-06
-3.43414e-05
7.64171e-05
-4.39993e-05
-4.03957e-05
-2.89098e-05
0
-1.74164e-05
-1.31017e-05
-3.16557e-05
2.31981e-05
-2.16168e-05
4.8905e-05
-4.49096e-06
2.00616e-05
-1.29084e-05
-1.56113e-05
-2.37894e-06
0
-3.69549e-06
4.81037e-05
1.52588e-05
-2.38419e-07
0
-2.90272e-06
-1.03329e-05
-1.18732e-05
-7.62939e-06
-8.93071e-06
9.89315e-06
-2.1421e-05
0
-1.31532e-05
0
-2.95577e-05
-1.94224e-05
-3.25095e-05
-4.03895e-05
-2.13737e-05
0
-3.95613e-05
5.28328e-05
-4.35173e-05
-1.59141e-05
-3.29412e-05
-5.76622e-05
-1.77076e-05
-3.91255e-05
-3.28147e-05
0
-2.25489e-05
5.60024e-05
-4.68674e-06
1.37322e-05
-1.2596e-05
0
-2.15753e-06
0
-3.93391e-06
6.02042e-05
3.05176e-05
-4.76837e-07
-1.01458e-05
-2.67563e-06
-1.60746e-05
-1.13448e-05
0
-9.17491e-06
-7.62939e-06
-2.12447e-05
1.94686e-05
-1.31589e-05
1.71958e-05
-2.93948e-05
-1.55876e-05
-3.00832e-05
-1.31597e-05
-1.95275e-05
2.86072e-05
-3.99286e-05
8.51061e-05
-4.06993e-05
-4.39675e-05
-2.91959e-05
1.48472e-05
-1.6459e-05
0
-3.21549e-05
0
-2.34028e-05
3.68849e-05
-4.49885e-06
2.84141e-05
-1.30145e-05
-2.00729e-05
-2.5034e-06
0
-4.29153e-06
1.22379e-05
0
-7.15256e-07
0
-2.49692e-06
-2.20168e-05
-1.17287e-05
-2.68327e-05
-8.73848e-06
0
-2.19943e-05
0
-1.36451e-05
0
-2.96735e-05
0
-3.09866e-05
-2.9589e-05
-2.06966e-05
1.3922e-05
-4.53346e-05
2.4019e-05
-3.96158e-05
-1.988e-05
-3.25e-05
0
-1.66011e-05
-1.52588e-05
-2.99893e-05
4.03404e-05
-2.34559e-05
4.22387e-05
-4.548e-06
2.84058e-05
-1.2632e-05
-1.07843e-05
-2.26498e-06
0
-4.05312e-06
3.25521e-05
1.52588e-05
-7.62273e-07
-7.62939e-06
-2.45372e-06
0
-1.09531e-05
0
-8.8026e-06
5.8185e-06
-2.15728e-05
0
-1.36341e-05
0
-3.02341e-05
-1.01132e-05
-2.92455e-05
0
-1.95304e-05
0
-4.46089e-05
1.92574e-05
-3.88052e-05
-1.17095e-05
-3.13481e-05
4.63025e-06
-1.65008e-05
1.5601e-05
-3.04842e-05
0
-2.31362e-05
7.61131e-05
-4.61611e-06
1.36748e-05
-1.32089e-05
-8.15639e-05
-2.02656e-06
-4.64998e-06
-4.17233e-06
3.87484e-05
0
-3.3083e-07
7.62939e-06
-2.48179e-06
-2.07895e-05
-1.08057e-05
7.62939e-06
-9.00647e-06
7.62939e-06
-2.18011e-05
-1.33746e-05
-1.37362e-05
-1.01514e-05
-3.06157e-05
-6.0874e-06
-2.9898e-05
-1.20141e-05
-1.90881e-05
1.04912e-05
-4.47024e-05
1.98878e-05
-3.77569e-05
2.07353e-05
-3.33303e-05
0
-1.67034e-05
1.52588e-05
-3.04834e-05
-2.00115e-05
-2.41007e-05
5.77367e-05
-4.7436e-06
3.85552e-05
-1.09958e-05
-5.00415e-05
-1.78814e-06
1.989e-05
-4.52995e-06
0
1.52588e-05
-9.54665e-07
0
-2.01211e-06
-2.02536e-05
-1.08355e-05
0
-9.18273e-06
2.78942e-05
-2.15021e-05
-8.59642e-06
-1.37804e-05
-1.52588e-05
-3.04372e-05
-2.00266e-05
-2.94564e-05
-1.02526e-05
-1.96118e-05
0
-4.76894e-05
-5.05896e-06
-3.84858e-05
1.52588e-05
-3.31991e-05
1.97466e-05
-1.70328e-05
-3.15811e-05
-2.68551e-05
0
-2.50168e-05
7.87553e-05
-5.31643e-06
1.51263e-05
-1.13014e-05
-3.07864e-05
-1.78814e-06
-2.8129e-06
-4.29153e-06
2.03067e-05
0
-2.10436e-06
-2.18952e-05
-2.01869e-06
-1.41322e-05
-1.04352e-05
0
-1.01547e-05
0
-2.17795e-05
-2.98615e-05
-1.39532e-05
-2.20525e-05
-2.9227e-05
-1.52588e-05
-2.80278e-05
0
-1.94085e-05
0
-4.44232e-05
-1.47048e-05
-4.04366e-05
1.83812e-05
-3.39618e-05
-1.72992e-05
-1.61328e-05
1.52588e-05
-2.66477e-05
1.92826e-05
-2.60007e-05
5.98115e-05
-5.93032e-06
1.95578e-05
-1.04532e-05
-3.05176e-05
-1.90735e-06
0
-4.52995e-06
-1.52588e-05
1.52588e-05
-1.77413e-06
-1.01275e-05
-2.14577e-06
-2.75685e-05
-1.04478e-05
-1.00645e-05
-1.05924e-05
-6.64792e-06
-2.08223e-05
-2.37523e-05
-1.37115e-05
-7.62939e-06
-3.00886e-05
-9.32075e-06
-2.90384e-05
-9.35902e-06
-1.95855e-05
-8.33226e-06
-4.39098e-05
-1.99749e-05
-3.80585e-05
2.26519e-05
-3.19062e-05
1.83187e-05
-1.66341e-05
3.38718e-06
-2.71244e-05
-1.47852e-05
-2.69499e-05
4.37485e-05
-6.48291e-06
0
-9.97638e-06
1.88691e-06
-1.90735e-06
1.99534e-05
-4.17233e-06
-1.29692e-05
0
-2.09066e-06
-6.94022e-06
-1.90735e-06
-6.52975e-06
-1.04101e-05
-1.3354e-05
-1.09888e-05
-2.92068e-05
-2.05269e-05
0
-1.38075e-05
-1.40654e-05
-2.93592e-05
-8.58605e-06
-2.82468e-05
0
-1.89954e-05
7.62939e-06
-4.39811e-05
6.35464e-06
-4.25416e-05
1.52588e-05
-3.40516e-05
-1.96212e-05
-1.70276e-05
0
-2.47421e-05
0
-2.69156e-05
3.22714e-05
-6.16391e-06
3.45567e-05
-1.01501e-05
-1.49876e-05
-2.06307e-06
0
-4.17233e-06
-2.2378e-05
0
-2.07885e-06
-7.62939e-06
-1.90735e-06
-2.19017e-05
-1.05499e-05
-2.77591e-05
-1.00098e-05
0
-2.12258e-05
0
-1.3748e-05
0
-2.92983e-05
-7.62939e-06
-2.85575e-05
7.62939e-06
-1.92735e-05
0
-4.24211e-05
4.08901e-05
-4.05288e-05
-8.08167e-07
-3.18832e-05
-1.22746e-05
-1.70551e-05
0
-2.38857e-05
-3.14208e-06
-2.76925e-05
1.83977e-05
-6.78643e-06
0
-9.72618e-06
-3.16366e-05
-1.74022e-06
-2.01047e-05
-3.69549e-06
0
1.52588e-05
-2.19919e-06
-1.52588e-05
-1.43097e-06
0
-9.88403e-06
-7.62939e-06
-1.02019e-05
0
-2.1353e-05
-7.62939e-06
-1.39207e-05
0
-2.87857e-05
0
-2.91654e-05
7.62939e-06
-1.9496e-05
0
-4.57891e-05
0
-4.09288e-05
1.52588e-05
-3.12424e-05
-1.52588e-05
-1.66305e-05
0
-2.20318e-05
1.52588e-05
-2.70691e-05
0
-6.59152e-06
1.52588e-05
-8.95309e-06
0
-1.79819e-06
0
-3.69549e-06
1.52588e-05
1.52588e-05
-1.19209e-06
-2.14577e-06
-7.98702e-06
-1.21593e-05
-1.70469e-05
-1.71661e-05
-2.40803e-05
-2.58684e-05
-2.37226e-05
-3.57628e-05
-3.54052e-05
-2.83718e-05
-2.09808e-05
-2.15769e-05
-2.13385e-05
-8.70228e-06
-7.39098e-06
-2.26498e-06
-3.8147e-06
0
0
0
0
0
0
0
0
0
0
0
0
0
0
0
0
0
0
0
0
0
0
0
0
0
0
0
0
0
0
0
0
0
0
0
0
0
0
0
0
0
0
0
0
0
0
0
0
0
0
0
0
0
0
0
0
0
0
0
0
0
0
0
0
0
0
0
0
0
0
0
0
0
0
0
0
0
0
0
0
0
0
0
0
0
0
0
0
0
0
0
0
0
0
0
0
0
0
0
0
0
0
0
0
0
0
0
0
0
0
0
0
0
0
0
0
0
0
0
0
0
0
0
0
0
0
0
0
0
0
0
0
0
0
0
0
0
0
0
0
0
0
0
0
0
0
0
0
0
0
0
0
0
0
0
0
0
0
0
0
0
0
0
0
0
0
0
0
0
0
0
0
0
0
0
0
0
0
0
0
0
0
0
0
0
0
0
0
0
0
0
0
0
0
0
0
0
0
0
0
0
0
0
0
0
0
0
0
0
0
0
0
0
0
0
0
0
0
0
0
0
0
0
0
0
0
0
0
0
0
0
0
0
0
0
0
0
0
0
0
0
0
0
0
0
0
0
0
0
0
0
0
0
0
0
0
0
0
0
0
0
0
0
0
0
0
0
0
0
0
0
0
0
0
0
0
0
0
0
0
0
0
0
0
0
0
0
0
0
0
0
0
0
0
0
0
0
0
0
0
0
0
0
0
0
0
0
0
0
0
0
0
0
0
0
0
0
0
0
0
0
0
0
0
0
0
0
0
0
0
0
0
0
0
0
0
0
0
0
0
0
0
0
0
0
0
0
0
0
0
0
0
0
0
0
0
0
0
0
0
0
0
0
0
0
0
0
0
0
0
0
0
0
0
0
0
0
0
0
0
0
0
0
0
0
0
0
0
0
0
0
0
0
0
0
0
0
0
0
0
0
0
0
0
0
0
0
0
0
0
0
0
0
0
0
0
0
0
0
0
0
0
0
0
0
0
0
0
0
0
0
0
0
0
0
0
0
0
0
0
0
0
0
0
0
0
0
0
0
0
0
0
0
0
0
0
0
0
0
0
0
0
0
0
0
0
0
0
0
0
0
0
0
0
0
0
0
0
0
0
0
0
0
0
0
0
0
0
0
0
0
0
0
0
0
0
0
0
0
0
0
0
0
0
0
0
0
0
0
0
0
0
0
0
0
0
0
0
0
0
0
0
0
0
0
0
0
0
0
0
0
0
0
0
0
0
0
0
0
0
0
0
0
0
0
0
0
0
0
0
0
0
0
0
0
0
0
0
0
0
0
0
0
0
0
0
0
0
0
0
0
0
0
0
0
0
0
0
0
0
0
0
0
0
0
0
0
0
0
0
0
0
0
0
0
0
0
0
0
0
0
0
0
0
0
0
0
0
0
0
0
0
0
0
0
0
0
0
0
0
0
0
0
0
0
0
0
0
0
0
0
0
0
0
0
0
0
0
0
0
0
0
0
0
0
0
0
0
0
0
0
0
0
0
0
0
0
0
0
0
0
0
0
0
0
0
0
0
0
0
0
0
0
0
0
0
0
0
0
0
0
0
0
0
0
0
0
0
0
0
0
0
0
0
0
0
0
0
0
0
0
0
0
0
0
0
0
0
0
0
0
0
0
0
0
0
0
0
0
0
0
0
0
0
0
0
0
0
0
0
0
0
0
0
0
0
0
0
0
0
0
0
0
0
0
0
0
0
0
0
0
0
0
0
0
0
0
0
0
0
0
0
0
0
0
0
0
0
0
0
0
0
0
0
0
0
0
0
0
0
0
0
0
0
0
0
0
0
0
0
0
0
0
0
0
0
0
0
0
0
0
0
0
0
0
0
0
0
0
0
0
0
0
0
0
0
0
0
0
0
0
0
0
0
0
0
0
0
0
0
0
0
0
0
0
0
0
0
0
0
0
0
0
0
0
0
0
0
0
0
0
0
0
0
0
0
0
0
0
0
0
0
0
0
0
0
0
0
0
0
0
0
0
0
0
0
0
0
0
0
0
0
0
0
0
0
0
0
0
0
0
0
0
0
0
0
0
0
0
0
0
0
0
0
0
0
0
0
0
0
0
0
0
0
0
0
0
0
0
0
0
0
0
0
0
0
0
0
0
0
0
0
0
0
0
0
0
0
0
0
0
0
0
0
0
0
0
0
0
0
0
0
0
0
0
0
0
0
0
0
0
0
0
0
0
0
0
0
0
0
0
0
0
0
0
0
0
0
0
0
0
0
0
0
0
0
0
0
0
0
0
0
0
0
0
0
0
0
0
0
0
0
0
0
0
0
0
0
0
0
0
0
0
0
0
0
0
0
0
0
0
0
0
0
0
0
0
0
0
0
0
0
0
0
0
0
0
0
0
0
0
0
0
0
0
0
0
0
0
0
0
0
0
0
0
0
0
0
0
0
0
0
0
0
0
0
0
0
0
0
0
0
0
0
0
0
0
0
0
0
0
0
0
0
0
0
0
0
0
0
0
0
0
0
0
0
0
0
0
0
0
0
0
0
0
0
0
0
0
0
0
0
0
0
0
0
0
0
0
0
0
0
0
0
0
0
0
0
0
0
0
0
0
0
0
0
0
0
0
0
0
0
0
0
0
0
0
0
0
0
0
0
0
0
0
0
0
0
0
0
0
0
0
0
0
0
0
0
0
0
0
0
0
0
0
0
0
0
0
0
0
0
0
0
0
0
0
0
0
0
0
0
0
0
0
0
0
0
0
0
0
0
0
0
0
0
0
0
0
0
0
0
0
0
0
0
0
0
0
0
0
0
0
0
0
0
0
0
0
0
0
0
0
0
0
0
0
0
0
0
0
0
0
0
0
0
0
0
0
0
0
0
0
0
0
0
0
0
0
0
0
0
0
0
0
0
0
0
0
0
0
0
0
0
0
0
0
0
0
0
0
0
0
0
0
0
0
0
0
0
0
0
0
0
0
0
0
0
0
0
0
0
0
0
0
0
0
0
0
0
0
0
0
0
0
0
0
0
0
0
0
0
0
0
0
0
0
0
0
0
0
0
0
0
0
0
0
0
0
0
0
0
0
0
0
0
0
0
0
0
0
0
0
0
0
0
0
0
0
0
0
0
0
0
0
0
0
0
0
0
0
0
0
0
0
0
0
0
0
0
0
0
0
0
0
0
0
0
0
0
0
0
0
0
0
0
0
0
0
0
0
0
0
0
0
0
0
0
0
0
0
0
0
0
0
0
0
0
0
0
0
0
0
0
0
0
0
0
0
0
0
0
0
0
0
0
0
0
0
0
0
0
0
0
0
0
0
0
0
0
0
0
0
0
0
0
0
0
0
0
0
0
0
0
0
0
0
0
0
0
0
0
0
0
0
0
0
0
0
0
0
0
0
0
0
0
0
0
0
0
0
0
0
0
0
0
0
0
0
0
0
0
0
0
0
0
0
0
0
0
0
0
0
0
0
0
0
0
0
0
0
0
0
0
0
0
0
0
0
0
0
0
0
0
0
0
0
0
0
0
0
0
0
0
0
0
0
0
0
0
0
0
0
0
0
0
0
0
0
0
0
0
0
0
0
0
0
0
0
0
0
0
0
0
0
0
0
0
0
0
0
0
0
0
0
0
0
0
0
0
0
0
0
0
0
0
0
0
0
0
0
0
0
0
0
0
0
0
0
0
0
0
0
0
0
0
0
0
0
0
0
0
0
0
0
0
0
0
0
0
0
0
0
0
0
0
0
0
0
0
0
0
0
0
0
0
0
0
0
0
0
0
0
0
0
0
0
0
0
0
0
0
0
0
0
0
0
0
0
0
0
0
0
0
0
0
0
0
0
0
0
0
0
0
0
0
0
0
0
0
0
0
0
0
0
0
0
0
0
0
0
0
0
0
0
0
0
0
0
0
0
0
0
0
0
0
0
0
0
0
0
0
0
0
0
0
0
0
0
0
0
0
0
0
0
0
0
0
0
0
0
0
0
0
0
0
0
0
0
0
0
0
0
0
0
0
0
0
0
0
0
0
0
0
0
0
0
0
0
0
0
0
0
0
0
0
0
0
0
0
0
0
0
0
0
0
0
0
0
0
0
0
0
0
0
0
0
0
0
0
0
0
0
0
0
0
0
0
0
0
0
0
0
0
0
0
0
0
0
0
0
0
0
0
0
0
0
0
0
0
0
0
0
0
0
0
0
0
0
0
0
0
0
0
0
0
0
0
0
0
0
0
0
0
0
0
0
0
0
0
0
0
0
0
0
0
0
0
0
0
0
0
0
0
0
0
0
0
0
0
0
0
0
0
0
0
0
0
0
0
0
0
0
0
0
0
0
0
0
0
0
0
0
0
0
0
0
0
0
0
0
0
0
0
0
0
0
0
0
0
0
0
0
0
0
0
0
0
0
0
0
0
0
0
0
0
0
0
0
0
0
0
0
0
0
0
0
0
0
0
0
0
0
0
0
0
0
0
0
0
0
0
0
0
0
0
0
0
0
0
0
0
0
0
0
0
0
0
0
0
0
0
0
0
0
0
0
0
0
0
0
0
0
0
0
0
0
0
0
0
0
0
0
0
0
0
0
0
0
0
0
0
0
0
0
0
0
0
0
0
0
0
0
0
0
0
0
0
0
0
0
0
0
0
0
0
0
0
0
0
0
0
0
0
0
0
0
0
0
0
0
0
0
0
0
0
0
0
0
0
0
0
0
0
0
0
0
0
0
0
0
0
0
0
0
0
0
0
0
0
0
0
0
0
0
0
0
0
0
0
0
0
0
0
0
0
0
0
0
0
0
0
0
0
0
0
0
0
0
0
0
0
0
0
0
0
0
0
0
0
0
0
0
0
0
0
0
0
0
0
0
0
0
0
0
0
0
0
0
0
0
0
0
0
0
0
0
0
0
0
0
0
0
0
0
0
0
0
0
0
0
0
0
0
0
0
0
0
0
0
0
0
0
0
0
0
0
0
0
0
0
0
0
0
0
0
0
0
0
0
0
0
0
0
0
0
0
0
0
0
0
0
0
0
0
0
0
0
0
0
0
0
0
0
0
0
0
0
0
0
0
0
0
0
0
0
0
0
0
0
0
0
0
0
0
0
0
0
0
0
0
0
0
0
0
0
0
0
0
0
0
0
0
0
0
0
0
0
0
0
0
0
0
0
0
0
0
0
0
0
0
0
0
0
0
0
0
0
0
0
0
0
0
0
0
0
0
0
0
0
0
0
0
0
0
0
0
0
0
0
0
0
0
0
0
0
0
0
0
0
0
0
0
0
0
0
0
0
0
0
0
0
0
0
0
0
0
0
0
0
0
0
0
0
0
0
0
0
0
0
0
0
0
0
0
0
0
0
0
0
0
0
0
0
0
0
0
0
0
0
0
0
0
0
0
0
0
0
0
0
0
0
0
0
0
0
0
0
0
0
0
0
0
0
0
0
0
0
0
0
0
0
0
0
0
0
0
0
0
0
0
0
0
0
0
0
0
0
0
0
0
0
0
0
0
0
0
0
0
0
0
0
0
0
0
0
0
0
0
0
0
0
0
0
0
0
0
0
0
0
0
0
0
0
0
0
0
0
0
0
0
0
0
0
0
0
0
0
0
0
0
0
0
0
0
0
0
0
0
0
0
0
0
0
0
0
0
0
0
0
0
0
0
0
0
0
0
0
0
0
0
0
0
0
0
0
0
0
0
0
0
0
0
0
0
0
0
0
0
0
0
0
0
0
0
0
0
0
0
0
0
0
0
0
0
0
0
0
0
0
0
0
0
0
0
0
0
0
0
0
0
0
0
0
0
0
0
0
0
0
0
0
0
0
0
0
0
0
0
0
0
0
0
0
0
0
0
0
0
0
0
0
0
0
0
0
0
0
0
0
0
0
0
0
0
0
0
0
0
0
0
0
0
0
0
0
0
0
0
0
0
0
0
0
0
0
0
0
0
0
0
0
0
0
0
0
0
0
0
0
0
0
0
0
0
0
0
0
0
0
0
0
0
0
0
0
0
0
0
0
0
0
0
0
0
0
0
0
0
0
0
0
0
0
0
0
0
0
0
0
0
0
0
0
0
0
0
0
0
0
0
0
0
0
0
0
0
0
0
0
0
0
0
0
0
0
0
0
0
0
0
0
0
0
0
0
0
0
0
0
0
0
0
0
0
0
0
0
0
0
0
0
0
0
0
0
0
0
0
0
0
0
0
0
0
0
0
0
0
0
0
0
0
0
0
0
0
0
0
0
0
0
0
0
0
0
0
0
0
0
0
0
0
0
0
0
0
0
0
0
0
0
0
0
0
0
0
0
0
0
0
0
0
0
0
0
0
0
0
0
0
0
0
0
0
0
0
0
0
0
0
0
0
0
0
0
0
0
0
0
0
0
0
0
0
0
0
0
0
0
0
0
0
0
0
0
0
0
0
0
0
0
0
0
0
0
0
0
0
0
0
0
0
0
0
0
0
0
0
0
0
0
0
0
0
0
0
0
0
0
0
0
0
0
0
0
0
0
0
0
0
0
0
0
0
0
0
0
0
0
0
0
0
0
0
0
0
0
0
0
0
0
0
0
0
0
0
0
0
0
0
0
0
0
0
0
0
0
0
0
0
0
0
0
0
0
0
0
0
0
0
0
0
0
0
0
0
0
0
0
0
0
0
0
0
0
0
0
0
0
0
0
0
0
0
0
0
0
0
0
0
0
0
0
0
0
0
0
0
0
0
0
0
0
0
0
0
0
0
0
0
0
0
0
0
0
0
0
0
0
0
0
0
0
0
0
0
0
0
0
0
0
0
0
0
0
0
0
0
0
0
0
0
0
0
0
0
0
0
0
0
0
0
0
0
0
0
0
0
0
0
0
0
0
0
0
0
0
0
0
0
0
0
0
0
0
0
0
0
0
0
0
0
0
0
0
0
0
0
0
0
0
0
0
0
0
0
0
0
0
0
0
0
0
0
0
0
0
0
0
0
0
0
0
0
0
0
0
0
0
0
0
0
0
0
0
0
0
0
0
0
0
0
0
0
0
0
0
0
0
0
0
0
0
0
0
0
0
0
0
0
0
0
0
0
0
0
0
0
0
0
0
0
0
0
0
0
0
0
0
0
0
0
0
0
0
0
0
0
0
0
0
0
0
0
0
0
0
0
0
0
0
0
0
0
0
0
0
0
0
0
0
0
0
0
0
0
0
0
0
0
0
0
0
0
0
0
0
0
0
0
0
0
0
0
0
0
0
0
0
0
0
0
0
0
0
0
0
0
0
0
0
0
0
0
0
0
0
0
0
0
0
0
0
0
0
0
0
0
0
0
0
0
0
0
0
0
0
0
0
0
0
0
0
0
0
0
0
0
0
0
0
0
0
0
0
0
0
0
0
0
0
0
0
0
0
0
0
0
0
0
0
0
0
0
0
0
0
0
0
0
0
0
0
0
0
0
0
0
0
0
0
0
0
0
0
0
0
0
0
0
0
0
0
0
0
0
0
0
0
0
0
0
0
0
0
0
0
0
0
0
0
0
0
0
0
0
0
0
0
0
0
0
0
0
0
0
0
0
0
0
0
0
0
0
0
0
0
0
0
0
0
0
0
0
0
0
0
0
0
0
0
0
0
0
0
0
0
0
0
0
0
0
0
0
0
0
0
0
0
0
0
0
0
0
0
0
0
0
0
0
0
0
0
0
0
0
0
0
0
0
0
0
0
0
0
0
0
0
0
0
0
0
0
0
0
0
0
0
0
0
0
0
0
0
0
0
0
0
0
0
0
0
0
0
0
0
0
0
0
0
0
0
0
0
0
0
0
0
0
0
0
0
0
0
0
0
0
0
0
0
0
0
0
0
0
0
0
0
0
0
0
0
0
0
0
0
0
0
0
0
0
0
0
0
0
0
0
0
0
0
0
0
0
0
0
0
0
0
0
0
0
0
0
0
0
0
0
0
0
0
0
0
0
0
0
0
0
0
0
0
0
0
0
0
0
0
0
0
0
0
0
0
0
0
0
0
0
0
0
0
0
0
0
0
0
0
0
0
0
0
0
0
0
0
0
0
0
0
0
0
0
0
0
0
0
0
0
0
0
0
0
0
0
0
0
0
0
0
0
0
0
0
0
0
0
0
0
0
0
0
0
0
0
0
0
0
0
0
0
0
0
0
0
0
0
0
0
0
0
0
0
0
0
0
0
0
0
0
0
0
0
0
0
0
0
0
0
0
0
0
0
0
0
0
0
0
0
0
0
0
0
0
0
0
0
0
0
0
0
0
0
0
0
0
0
0
0
0
0
0
0
0
0
0
0
0
0
0
0
0
0
0
0
0
0
0
0
0
0
0
0
0
0
0
0
0
0
0
0
0
0
0
0
0
0
0
0
0
0
0
0
0
0
0
0
0
0
0
0
0
0
0
0
0
0
0
0
0
0
0
0
0
0
0
0
0
0
0
0
0
0
0
0
0
0
0
0
0
0
0
0
0
0
0
0
0
0
0
0
0
0
0
0
0
0
0
0
0
0
0
0
0
0
0
0
0
0
0
0
0
0
0
0
0
0
0
0
0
0
0
0
0
0
0
0
0
0
0
0
0
0
0
0
0
0
0
0
0
0
0
0
0
0
0
0
0
0
0
0
0
0
0
0
0
0
0
0
0
0
)
;

boundaryField
{
    inlet
    {
        type            calculated;
        value           nonuniform List<scalar> 
20
(
-7.42428e-06
-7.42428e-06
-7.42428e-06
-7.42428e-06
-7.42428e-06
-7.42428e-06
-7.42428e-06
-7.42428e-06
-7.42428e-06
-7.42428e-06
-7.42428e-06
-7.42428e-06
-7.42428e-06
-7.42428e-06
-7.42428e-06
-7.42428e-06
-7.42428e-06
-7.42428e-06
-7.42428e-06
-7.42428e-06
)
;
    }
    outlet
    {
        type            calculated;
        value           uniform 0;
    }
    frontAndBack
    {
        type            empty;
    }
    topAndBottom
    {
        type            calculated;
        value           uniform 0;
    }
    defaultFaces
    {
        type            empty;
    }
}


// ************************************************************************* //
