/*--------------------------------*- C++ -*----------------------------------*\
  =========                 |
  \\      /  F ield         | OpenFOAM: The Open Source CFD Toolbox
   \\    /   O peration     | Website:  https://openfoam.org
    \\  /    A nd           | Version:  11
     \\/     M anipulation  |
\*---------------------------------------------------------------------------*/
FoamFile
{
    format      ascii;
    class       surfaceScalarField;
    location    "46";
    object      phi;
}
// * * * * * * * * * * * * * * * * * * * * * * * * * * * * * * * * * * * * * //

dimensions      [0 3 -1 0 0 0 0];

internalField   nonuniform List<scalar> 
5320
(
0
0
0
0
0
0
0
0
0
0
0
0
0
0
0
0
0
0
0
0
0
0
0
0
0
0
0
0
0
0
0
0
0
0
0
0
0
0
0
0
0
0
0
0
0
0
0
0
0
0
0
0
0
0
0
0
0
0
0
0
0
0
0
0
0
0
0
0
0
0
0
0
0
0
0
0
0
0
0
0
0
0
0
0
0
0
0
0
0
0
0
0
0
0
0
0
0
0
0
0
0
0
0
0
0
0
0
0
0
0
0
0
0
0
0
0
0
0
0
0
0
0
0
0
0
0
0
0
0
0
0
0
0
0
0
0
0
0
0
0
0
0
0
0
0
0
0
0
0
0
0
0
0
0
0
0
0
0
0
0
0
0
0
0
0
0
0
0
0
0
0
0
0
0
0
0
0
0
0
0
0
0
0
0
0
0
0
0
0
0
0
0
0
0
0
0
0
0
0
0
0
0
0
0
0
0
0
0
0
0
0
0
0
0
0
0
0
0
0
0
0
0
0
0
0
0
0
0
0
0
0
0
0
0
0
0
0
0
0
0
0
0
0
0
0
0
0
0
0
0
0
0
0
0
0
0
0
0
0
0
0
0
0
0
0
0
0
0
0
0
0
0
0
0
0
0
0
0
0
0
0
0
0
0
0
0
0
0
0
0
0
0
0
0
0
0
0
0
0
0
0
0
0
0
0
0
0
0
0
0
0
0
0
0
0
0
0
0
0
0
0
0
0
0
0
0
0
0
0
0
0
0
0
0
0
0
0
0
0
0
0
0
0
0
0
0
0
0
0
0
0
0
0
0
0
0
0
0
0
0
0
0
0
0
0
0
0
0
0
0
0
0
0
0
0
0
0
0
0
0
0
0
0
0
0
0
0
0
0
0
0
0
0
0
0
0
0
0
0
0
0
0
0
0
0
0
0
0
0
0
0
0
0
0
0
0
0
0
0
0
0
0
0
0
0
0
0
0
0
0
0
0
0
0
0
0
0
0
0
0
0
0
0
0
0
0
0
0
0
0
0
0
0
0
0
0
0
0
0
0
0
0
0
0
0
0
0
0
0
0
0
0
0
0
0
0
0
0
0
0
0
0
0
0
0
0
0
0
0
0
0
0
0
0
0
0
0
0
0
0
0
0
0
0
0
0
0
0
0
0
0
0
0
0
0
0
0
0
0
0
0
0
0
0
0
0
0
0
0
0
0
0
0
0
0
0
0
0
0
0
0
0
0
0
0
0
0
0
0
0
0
0
0
0
0
0
0
0
0
0
0
0
0
0
0
0
0
0
0
0
0
0
0
0
0
0
0
0
0
0
0
0
0
0
0
0
0
0
0
0
0
0
0
0
0
0
0
0
0
0
0
0
0
0
0
0
0
0
0
0
0
0
0
0
0
0
0
0
0
0
0
0
0
0
0
0
0
0
0
0
0
0
0
0
0
0
0
0
0
0
0
0
0
0
0
0
0
0
0
0
0
0
0
0
0
0
0
0
0
0
0
0
0
0
0
0
0
0
0
0
0
0
0
0
0
0
0
0
0
0
0
0
0
0
0
0
0
0
0
0
0
0
0
0
0
0
0
0
0
0
0
0
0
0
0
0
0
0
0
0
0
0
0
0
0
0
0
0
0
0
0
0
0
0
0
0
0
0
0
0
0
0
0
0
0
0
0
0
0
0
0
0
0
0
0
0
0
0
0
0
0
0
0
0
0
0
0
0
0
0
3.09944e-06
7.62939e-06
-6.67572e-06
7.62939e-06
-7.15256e-06
1.52588e-05
-9.05991e-06
7.62939e-06
-1.84774e-05
0
-1.7643e-05
-7.62939e-06
-2.43187e-05
0
-2.76566e-05
7.62939e-06
-2.69413e-05
7.62939e-06
-2.93255e-05
0
-3.50475e-05
1.52588e-05
-2.87294e-05
-1.52588e-05
-2.32458e-05
1.52588e-05
-2.6226e-05
0
-1.62125e-05
0
-4.64916e-06
0
-1.15633e-05
0
-4.05312e-06
0
-2.26498e-06
1.52588e-05
0
3.09944e-06
0
-8.87585e-06
-1.03406e-05
-6.0677e-06
0
-7.45741e-06
0
-2.38063e-05
-7.62939e-06
-1.39104e-05
-8.6748e-06
-2.8081e-05
0
-3.21223e-05
2.8463e-05
-2.38139e-05
-7.62939e-06
-2.62145e-05
0
-4.40165e-05
0
-2.61229e-05
-1.83131e-05
-1.93859e-05
0
-3.27485e-05
1.46049e-05
-1.87658e-05
0
-4.41074e-06
-1.95317e-05
-1.5297e-05
0
-3.17946e-06
0
-2.26498e-06
5.65216e-05
0
2.86102e-06
1.03069e-05
-8.60664e-06
-3.25834e-05
-6.10451e-06
8.86882e-06
-7.5859e-06
-1.82174e-05
-2.43572e-05
-4.05916e-05
-1.38965e-05
-9.13381e-06
-2.76779e-05
0
-3.40406e-05
0
-2.30991e-05
-7.62939e-06
-2.63477e-05
-3.56572e-05
-4.38476e-05
0
-2.55306e-05
-1.88686e-05
-1.88752e-05
0
-3.23705e-05
2.40919e-05
-1.86451e-05
1.93503e-05
-4.41074e-06
-1.95096e-05
-1.49129e-05
0
-3.36234e-06
2.72096e-05
-2.74181e-06
6.57406e-05
1.52588e-05
2.14577e-06
1.20735e-05
-7.42343e-06
-1.52588e-05
-8.75987e-06
5.86644e-06
-7.47337e-06
0
-2.27618e-05
-2.27385e-05
-1.37152e-05
0
-2.73255e-05
0
-3.3313e-05
6.2992e-06
-2.3329e-05
0
-2.60073e-05
-1.52588e-05
-4.61355e-05
-3.91716e-05
-2.72527e-05
-3.86515e-05
-1.97364e-05
-5.22185e-05
-3.5318e-05
-1.52588e-05
-1.98697e-05
1.20276e-05
-4.29153e-06
-2.3633e-05
-1.44861e-05
0
-3.45707e-06
4.52166e-05
-3.09944e-06
2.15495e-05
3.05176e-05
1.43051e-06
6.38984e-06
-6.89315e-06
-3.08927e-05
-8.44994e-06
1.70206e-05
-7.87095e-06
-1.37711e-05
-2.40696e-05
-5.0924e-05
-1.39987e-05
-3.97919e-05
-2.69356e-05
-1.52588e-05
-3.41974e-05
0
-2.30243e-05
0
-2.50994e-05
1.8806e-05
-4.28487e-05
-3.62798e-05
-2.54049e-05
-1.52588e-05
-1.81064e-05
-1.2512e-06
-3.12889e-05
1.92543e-05
-1.92207e-05
4.00005e-05
-4.17233e-06
-1.87365e-05
-1.58737e-05
-4.09012e-05
-3.45707e-06
1.25463e-05
-3.09944e-06
9.33016e-05
3.05176e-05
7.15256e-07
2.67084e-05
-4.95418e-06
0
-1.03831e-05
1.01167e-05
-8.18567e-06
-2.82474e-05
-2.17524e-05
-1.52325e-05
-1.33722e-05
-2.59905e-05
-2.7014e-05
0
-3.45553e-05
-2.87856e-05
-2.26171e-05
5.72868e-06
-2.68172e-05
3.21146e-05
-4.44541e-05
-1.41317e-05
-2.73702e-05
-3.64295e-05
-1.83778e-05
2.19033e-06
-3.35223e-05
1.20632e-05
-2.08931e-05
1.0353e-05
-4.05312e-06
0
-1.39841e-05
-6.07571e-05
-2.98023e-06
6.00246e-05
-3.57628e-06
3.85654e-05
1.52588e-05
7.15256e-07
7.62939e-06
-4.90807e-06
-2.18625e-05
-1.08549e-05
2.7969e-05
-8.18998e-06
-1.01801e-05
-2.31459e-05
-4.06954e-05
-1.32349e-05
-2.25584e-05
-2.77184e-05
0
-3.27053e-05
-1.52588e-05
-2.22778e-05
2.06787e-05
-2.79511e-05
4.43576e-05
-4.34266e-05
-1.35174e-05
-2.65075e-05
0
-1.8489e-05
-2.32405e-05
-3.19504e-05
1.14893e-05
-2.09738e-05
5.49174e-05
-4.29153e-06
0
-1.3519e-05
-1.41545e-05
-3.21865e-06
1.22029e-05
-3.8147e-06
1.52588e-05
0
0
6.25653e-06
-2.71559e-06
0
-1.18668e-05
1.00016e-05
-8.40447e-06
8.54117e-06
-2.15589e-05
-1.38787e-05
-1.28554e-05
0
-2.91888e-05
-1.00667e-05
-3.32309e-05
-2.77564e-05
-2.16466e-05
1.52588e-05
-3.4072e-05
6.44438e-05
-4.38838e-05
-4.0438e-05
-2.8978e-05
0
-1.74542e-05
-2.28296e-05
-3.14418e-05
3.7605e-05
-2.13142e-05
5.14065e-05
-4.52995e-06
2.00994e-05
-1.26551e-05
-1.52588e-05
-2.86102e-06
0
-3.69549e-06
3.75633e-05
1.52588e-05
-2.38419e-07
0
-2.68249e-06
-1.44936e-05
-1.18738e-05
-7.62939e-06
-8.9338e-06
1.0081e-05
-2.15252e-05
0
-1.31707e-05
0
-2.95272e-05
-1.73746e-05
-3.24635e-05
-4.04106e-05
-2.11578e-05
0
-3.95928e-05
3.7761e-05
-4.36021e-05
-2.46494e-05
-3.24342e-05
-5.55022e-05
-1.72568e-05
-3.94685e-05
-3.24019e-05
-2.77153e-06
-2.26784e-05
6.19221e-05
-4.88758e-06
1.52588e-05
-1.26185e-05
0
-2.6226e-06
0
-3.93391e-06
6.02379e-05
3.05176e-05
-2.38419e-07
-1.01461e-05
-2.66955e-06
-1.73228e-05
-1.13258e-05
0
-9.17362e-06
-7.62939e-06
-2.12789e-05
1.77405e-05
-1.32462e-05
9.6829e-06
-2.94846e-05
-1.77163e-05
-3.01139e-05
-2.07952e-05
-1.98738e-05
2.85263e-05
-3.97501e-05
9.6504e-05
-4.01358e-05
-5.50318e-05
-2.91084e-05
2.33944e-06
-1.65873e-05
0
-3.25137e-05
0
-2.32802e-05
3.6248e-05
-5.00679e-06
1.32894e-05
-1.29856e-05
-2.00614e-05
-2.21099e-06
0
-4.29153e-06
1.22398e-05
1.52588e-05
-4.76837e-07
0
-2.49315e-06
-2.94781e-05
-1.18007e-05
-1.92034e-05
-8.75061e-06
0
-2.19403e-05
0
-1.36586e-05
0
-2.95709e-05
0
-3.08692e-05
-2.82769e-05
-2.02645e-05
7.87981e-06
-4.53163e-05
2.44089e-05
-4.03013e-05
-1.99422e-05
-3.27754e-05
0
-1.6601e-05
-1.52588e-05
-2.99735e-05
4.03415e-05
-2.34148e-05
2.55968e-05
-5.24521e-06
2.13212e-05
-1.25007e-05
-3.05176e-05
-2.18279e-06
0
-4.05312e-06
1.99845e-05
1.52588e-05
-7.78053e-07
-7.62939e-06
-2.36236e-06
0
-1.09493e-05
0
-8.8028e-06
7.38605e-06
-2.15729e-05
0
-1.36395e-05
0
-3.02583e-05
-1.01371e-05
-2.94291e-05
0
-1.95439e-05
0
-4.43529e-05
2.57896e-05
-3.87648e-05
-1.92964e-05
-3.17319e-05
1.98639e-05
-1.6745e-05
1.52366e-05
-3.05235e-05
0
-2.32758e-05
7.61107e-05
-6.19888e-06
1.38874e-05
-1.33145e-05
-8.19664e-05
-2.02656e-06
-1.97095e-05
-4.17233e-06
3.86856e-05
0
-6.27952e-07
7.62939e-06
-2.47572e-06
-2.20032e-05
-1.07038e-05
7.62939e-06
-9.00066e-06
5.28487e-06
-2.18313e-05
-7.62939e-06
-1.38455e-05
-1.05074e-05
-3.06259e-05
-1.1056e-05
-2.98065e-05
-1.95968e-05
-1.92984e-05
1.1667e-05
-4.48808e-05
1.99281e-05
-3.7637e-05
2.31161e-05
-3.31035e-05
0
-1.65977e-05
1.52588e-05
-3.04477e-05
-1.98495e-05
-2.41386e-05
5.7752e-05
-6.07967e-06
3.62594e-05
-1.10334e-05
-3.75518e-05
-1.78814e-06
1.98952e-05
-4.52995e-06
0
1.52588e-05
-9.55069e-07
0
-2.12813e-06
-2.02474e-05
-1.09419e-05
0
-9.30458e-06
2.02944e-05
-2.14355e-05
-1.34406e-05
-1.37697e-05
-5.54045e-06
-3.03369e-05
-2.06263e-05
-2.95738e-05
-1.68021e-05
-1.97125e-05
0
-4.74731e-05
-2.02704e-05
-3.83984e-05
4.69414e-06
-3.32245e-05
3.50087e-05
-1.70157e-05
-3.15726e-05
-2.69013e-05
0
-2.48859e-05
7.98605e-05
-6.91414e-06
1.50814e-05
-1.11743e-05
-4.1952e-05
-1.78814e-06
1.2446e-05
-4.17233e-06
2.03068e-05
0
-1.92494e-06
-2.7994e-05
-2.04395e-06
-1.52588e-05
-1.04392e-05
0
-1.01392e-05
0
-2.17369e-05
-2.79194e-05
-1.39587e-05
-2.76608e-05
-2.93029e-05
-6.11766e-06
-2.80691e-05
0
-1.92091e-05
0
-4.4378e-05
-1.52588e-05
-4.0816e-05
1.84275e-05
-3.37595e-05
-1.73016e-05
-1.60324e-05
0
-2.64641e-05
1.9293e-05
-2.58598e-05
6.54905e-05
-6.16166e-06
1.94756e-05
-1.05932e-05
-1.32328e-05
-1.90735e-06
0
-4.52995e-06
-1.52588e-05
1.52588e-05
-1.7623e-06
-1.01379e-05
-1.44853e-06
-2.31615e-05
-1.04653e-05
-1.00746e-05
-1.0661e-05
-1.1294e-05
-2.09576e-05
-1.97629e-05
-1.37003e-05
-4.62802e-06
-3.01022e-05
-1.03036e-05
-2.90173e-05
-9.35904e-06
-1.96985e-05
-9.34124e-06
-4.42732e-05
-1.88121e-05
-3.8056e-05
3.7751e-05
-3.23053e-05
1.82501e-05
-1.69227e-05
1.86402e-05
-2.76187e-05
-5.16433e-06
-2.71545e-05
5.7536e-05
-6.31281e-06
0
-9.75194e-06
-1.52588e-05
-1.90735e-06
1.99519e-05
-4.17233e-06
-1.52588e-05
0
-1.87956e-06
-9.95672e-06
-1.68263e-06
-6.26731e-06
-1.04704e-05
-7.62939e-06
-1.09918e-05
-2.80302e-05
-2.05185e-05
0
-1.37106e-05
-7.62939e-06
-2.92549e-05
-9.74471e-06
-2.82229e-05
0
-1.91899e-05
1.52588e-05
-4.38438e-05
7.62939e-06
-4.20788e-05
3.64824e-06
-3.40174e-05
-1.82184e-05
-1.68274e-05
0
-2.45842e-05
0
-2.66208e-05
3.05208e-05
-6.55698e-06
2.00468e-05
-1.02785e-05
-2.60738e-05
-2.14577e-06
0
-4.17233e-06
-3.73065e-05
0
-1.98614e-06
-7.62939e-06
-1.66893e-06
-2.80063e-05
-1.05441e-05
-2.42009e-05
-1.00535e-05
0
-2.12687e-05
0
-1.37599e-05
0
-2.92392e-05
-7.62939e-06
-2.83833e-05
7.62939e-06
-1.92874e-05
0
-4.22463e-05
4.09188e-05
-4.06197e-05
4.59554e-06
-3.1934e-05
-1.23276e-05
-1.69402e-05
0
-2.38077e-05
-1.84767e-05
-2.80038e-05
1.83325e-05
-6.88591e-06
0
-9.58059e-06
-2.73306e-05
-2.38419e-06
-1.98406e-05
-3.69549e-06
0
1.52588e-05
-2.21595e-06
-2.28882e-05
-1.90735e-06
0
-9.89488e-06
-7.62939e-06
-1.02452e-05
0
-2.14794e-05
-7.62939e-06
-1.39253e-05
0
-2.88007e-05
0
-2.92784e-05
1.52588e-05
-1.94944e-05
0
-4.62028e-05
0
-4.12311e-05
1.52588e-05
-3.12246e-05
-1.52588e-05
-1.68755e-05
0
-2.2289e-05
1.52588e-05
-2.69599e-05
0
-6.74836e-06
1.52588e-05
-9.08262e-06
0
-2.23221e-06
0
-3.8147e-06
1.52588e-05
1.52588e-05
-1.43051e-06
-2.14577e-06
-7.98702e-06
-1.21593e-05
-1.70469e-05
-1.71661e-05
-2.40803e-05
-2.58684e-05
-2.37226e-05
-3.57628e-05
-3.54052e-05
-2.83718e-05
-2.07424e-05
-2.14577e-05
-2.14577e-05
-8.70228e-06
-7.39098e-06
-2.26498e-06
-3.8147e-06
0
0
0
0
0
0
0
0
0
0
0
0
0
0
0
0
0
0
0
0
0
0
0
0
0
0
0
0
0
0
0
0
0
0
0
0
0
0
0
0
0
0
0
0
0
0
0
0
0
0
0
0
0
0
0
0
0
0
0
0
0
0
0
0
0
0
0
0
0
0
0
0
0
0
0
0
0
0
0
0
0
0
0
0
0
0
0
0
0
0
0
0
0
0
0
0
0
0
0
0
0
0
0
0
0
0
0
0
0
0
0
0
0
0
0
0
0
0
0
0
0
0
0
0
0
0
0
0
0
0
0
0
0
0
0
0
0
0
0
0
0
0
0
0
0
0
0
0
0
0
0
0
0
0
0
0
0
0
0
0
0
0
0
0
0
0
0
0
0
0
0
0
0
0
0
0
0
0
0
0
0
0
0
0
0
0
0
0
0
0
0
0
0
0
0
0
0
0
0
0
0
0
0
0
0
0
0
0
0
0
0
0
0
0
0
0
0
0
0
0
0
0
0
0
0
0
0
0
0
0
0
0
0
0
0
0
0
0
0
0
0
0
0
0
0
0
0
0
0
0
0
0
0
0
0
0
0
0
0
0
0
0
0
0
0
0
0
0
0
0
0
0
0
0
0
0
0
0
0
0
0
0
0
0
0
0
0
0
0
0
0
0
0
0
0
0
0
0
0
0
0
0
0
0
0
0
0
0
0
0
0
0
0
0
0
0
0
0
0
0
0
0
0
0
0
0
0
0
0
0
0
0
0
0
0
0
0
0
0
0
0
0
0
0
0
0
0
0
0
0
0
0
0
0
0
0
0
0
0
0
0
0
0
0
0
0
0
0
0
0
0
0
0
0
0
0
0
0
0
0
0
0
0
0
0
0
0
0
0
0
0
0
0
0
0
0
0
0
0
0
0
0
0
0
0
0
0
0
0
0
0
0
0
0
0
0
0
0
0
0
0
0
0
0
0
0
0
0
0
0
0
0
0
0
0
0
0
0
0
0
0
0
0
0
0
0
0
0
0
0
0
0
0
0
0
0
0
0
0
0
0
0
0
0
0
0
0
0
0
0
0
0
0
0
0
0
0
0
0
0
0
0
0
0
0
0
0
0
0
0
0
0
0
0
0
0
0
0
0
0
0
0
0
0
0
0
0
0
0
0
0
0
0
0
0
0
0
0
0
0
0
0
0
0
0
0
0
0
0
0
0
0
0
0
0
0
0
0
0
0
0
0
0
0
0
0
0
0
0
0
0
0
0
0
0
0
0
0
0
0
0
0
0
0
0
0
0
0
0
0
0
0
0
0
0
0
0
0
0
0
0
0
0
0
0
0
0
0
0
0
0
0
0
0
0
0
0
0
0
0
0
0
0
0
0
0
0
0
0
0
0
0
0
0
0
0
0
0
0
0
0
0
0
0
0
0
0
0
0
0
0
0
0
0
0
0
0
0
0
0
0
0
0
0
0
0
0
0
0
0
0
0
0
0
0
0
0
0
0
0
0
0
0
0
0
0
0
0
0
0
0
0
0
0
0
0
0
0
0
0
0
0
0
0
0
0
0
0
0
0
0
0
0
0
0
0
0
0
0
0
0
0
0
0
0
0
0
0
0
0
0
0
0
0
0
0
0
0
0
0
0
0
0
0
0
0
0
0
0
0
0
0
0
0
0
0
0
0
0
0
0
0
0
0
0
0
0
0
0
0
0
0
0
0
0
0
0
0
0
0
0
0
0
0
0
0
0
0
0
0
0
0
0
0
0
0
0
0
0
0
0
0
0
0
0
0
0
0
0
0
0
0
0
0
0
0
0
0
0
0
0
0
0
0
0
0
0
0
0
0
0
0
0
0
0
0
0
0
0
0
0
0
0
0
0
0
0
0
0
0
0
0
0
0
0
0
0
0
0
0
0
0
0
0
0
0
0
0
0
0
0
0
0
0
0
0
0
0
0
0
0
0
0
0
0
0
0
0
0
0
0
0
0
0
0
0
0
0
0
0
0
0
0
0
0
0
0
0
0
0
0
0
0
0
0
0
0
0
0
0
0
0
0
0
0
0
0
0
0
0
0
0
0
0
0
0
0
0
0
0
0
0
0
0
0
0
0
0
0
0
0
0
0
0
0
0
0
0
0
0
0
0
0
0
0
0
0
0
0
0
0
0
0
0
0
0
0
0
0
0
0
0
0
0
0
0
0
0
0
0
0
0
0
0
0
0
0
0
0
0
0
0
0
0
0
0
0
0
0
0
0
0
0
0
0
0
0
0
0
0
0
0
0
0
0
0
0
0
0
0
0
0
0
0
0
0
0
0
0
0
0
0
0
0
0
0
0
0
0
0
0
0
0
0
0
0
0
0
0
0
0
0
0
0
0
0
0
0
0
0
0
0
0
0
0
0
0
0
0
0
0
0
0
0
0
0
0
0
0
0
0
0
0
0
0
0
0
0
0
0
0
0
0
0
0
0
0
0
0
0
0
0
0
0
0
0
0
0
0
0
0
0
0
0
0
0
0
0
0
0
0
0
0
0
0
0
0
0
0
0
0
0
0
0
0
0
0
0
0
0
0
0
0
0
0
0
0
0
0
0
0
0
0
0
0
0
0
0
0
0
0
0
0
0
0
0
0
0
0
0
0
0
0
0
0
0
0
0
0
0
0
0
0
0
0
0
0
0
0
0
0
0
0
0
0
0
0
0
0
0
0
0
0
0
0
0
0
0
0
0
0
0
0
0
0
0
0
0
0
0
0
0
0
0
0
0
0
0
0
0
0
0
0
0
0
0
0
0
0
0
0
0
0
0
0
0
0
0
0
0
0
0
0
0
0
0
0
0
0
0
0
0
0
0
0
0
0
0
0
0
0
0
0
0
0
0
0
0
0
0
0
0
0
0
0
0
0
0
0
0
0
0
0
0
0
0
0
0
0
0
0
0
0
0
0
0
0
0
0
0
0
0
0
0
0
0
0
0
0
0
0
0
0
0
0
0
0
0
0
0
0
0
0
0
0
0
0
0
0
0
0
0
0
0
0
0
0
0
0
0
0
0
0
0
0
0
0
0
0
0
0
0
0
0
0
0
0
0
0
0
0
0
0
0
0
0
0
0
0
0
0
0
0
0
0
0
0
0
0
0
0
0
0
0
0
0
0
0
0
0
0
0
0
0
0
0
0
0
0
0
0
0
0
0
0
0
0
0
0
0
0
0
0
0
0
0
0
0
0
0
0
0
0
0
0
0
0
0
0
0
0
0
0
0
0
0
0
0
0
0
0
0
0
0
0
0
0
0
0
0
0
0
0
0
0
0
0
0
0
0
0
0
0
0
0
0
0
0
0
0
0
0
0
0
0
0
0
0
0
0
0
0
0
0
0
0
0
0
0
0
0
0
0
0
0
0
0
0
0
0
0
0
0
0
0
0
0
0
0
0
0
0
0
0
0
0
0
0
0
0
0
0
0
0
0
0
0
0
0
0
0
0
0
0
0
0
0
0
0
0
0
0
0
0
0
0
0
0
0
0
0
0
0
0
0
0
0
0
0
0
0
0
0
0
0
0
0
0
0
0
0
0
0
0
0
0
0
0
0
0
0
0
0
0
0
0
0
0
0
0
0
0
0
0
0
0
0
0
0
0
0
0
0
0
0
0
0
0
0
0
0
0
0
0
0
0
0
0
0
0
0
0
0
0
0
0
0
0
0
0
0
0
0
0
0
0
0
0
0
0
0
0
0
0
0
0
0
0
0
0
0
0
0
0
0
0
0
0
0
0
0
0
0
0
0
0
0
0
0
0
0
0
0
0
0
0
0
0
0
0
0
0
0
0
0
0
0
0
0
0
0
0
0
0
0
0
0
0
0
0
0
0
0
0
0
0
0
0
0
0
0
0
0
0
0
0
0
0
0
0
0
0
0
0
0
0
0
0
0
0
0
0
0
0
0
0
0
0
0
0
0
0
0
0
0
0
0
0
0
0
0
0
0
0
0
0
0
0
0
0
0
0
0
0
0
0
0
0
0
0
0
0
0
0
0
0
0
0
0
0
0
0
0
0
0
0
0
0
0
0
0
0
0
0
0
0
0
0
0
0
0
0
0
0
0
0
0
0
0
0
0
0
0
0
0
0
0
0
0
0
0
0
0
0
0
0
0
0
0
0
0
0
0
0
0
0
0
0
0
0
0
0
0
0
0
0
0
0
0
0
0
0
0
0
0
0
0
0
0
0
0
0
0
0
0
0
0
0
0
0
0
0
0
0
0
0
0
0
0
0
0
0
0
0
0
0
0
0
0
0
0
0
0
0
0
0
0
0
0
0
0
0
0
0
0
0
0
0
0
0
0
0
0
0
0
0
0
0
0
0
0
0
0
0
0
0
0
0
0
0
0
0
0
0
0
0
0
0
0
0
0
0
0
0
0
0
0
0
0
0
0
0
0
0
0
0
0
0
0
0
0
0
0
0
0
0
0
0
0
0
0
0
0
0
0
0
0
0
0
0
0
0
0
0
0
0
0
0
0
0
0
0
0
0
0
0
0
0
0
0
0
0
0
0
0
0
0
0
0
0
0
0
0
0
0
0
0
0
0
0
0
0
0
0
0
0
0
0
0
0
0
0
0
0
0
0
0
0
0
0
0
0
0
0
0
0
0
0
0
0
0
0
0
0
0
0
0
0
0
0
0
0
0
0
0
0
0
0
0
0
0
0
0
0
0
0
0
0
0
0
0
0
0
0
0
0
0
0
0
0
0
0
0
0
0
0
0
0
0
0
0
0
0
0
0
0
0
0
0
0
0
0
0
0
0
0
0
0
0
0
0
0
0
0
0
0
0
0
0
0
0
0
0
0
0
0
0
0
0
0
0
0
0
0
0
0
0
0
0
0
0
0
0
0
0
0
0
0
0
0
0
0
0
0
0
0
0
0
0
0
0
0
0
0
0
0
0
0
0
0
0
0
0
0
0
0
0
0
0
0
0
0
0
0
0
0
0
0
0
0
0
0
0
0
0
0
0
0
0
0
0
0
0
0
0
0
0
0
0
0
0
0
0
0
0
0
0
0
0
0
0
0
0
0
0
0
0
0
0
0
0
0
0
0
0
0
0
0
0
0
0
0
0
0
0
0
0
0
0
0
0
0
0
0
0
0
0
0
0
0
0
0
0
0
0
0
0
0
0
0
0
0
0
0
0
0
0
0
0
0
0
0
0
0
0
0
0
0
0
0
0
0
0
0
0
0
0
0
0
0
0
0
0
0
0
0
0
0
0
0
0
0
0
0
0
0
0
0
0
0
0
0
0
0
0
0
0
0
0
0
0
0
0
0
0
0
0
0
0
0
0
0
0
0
0
0
0
0
0
0
0
0
0
0
0
0
0
0
0
0
0
0
0
0
0
0
0
0
0
0
0
0
0
0
0
0
0
0
0
0
0
0
0
0
0
0
0
0
0
0
0
0
0
0
0
0
0
0
0
0
0
0
0
0
0
0
0
0
0
0
0
0
0
0
0
0
0
0
0
0
0
0
0
0
0
0
0
0
0
0
0
0
0
0
0
0
0
0
0
0
0
0
0
0
0
0
0
0
0
0
0
0
0
0
0
0
0
0
0
0
0
0
0
0
0
0
0
0
0
0
0
0
0
0
0
0
0
0
0
0
0
0
0
0
0
0
0
0
0
0
0
0
0
0
0
0
0
0
0
0
0
0
0
0
0
0
0
0
0
0
0
0
0
0
0
0
0
0
0
0
0
0
0
0
0
0
0
0
0
0
0
0
0
0
0
0
0
0
0
0
0
0
0
0
0
0
0
0
0
0
0
0
0
0
0
0
0
0
0
0
0
0
0
0
0
0
0
0
0
0
0
0
0
0
0
0
0
0
0
0
0
0
0
0
0
0
0
0
0
0
0
0
0
0
0
0
0
0
0
0
0
0
0
0
0
0
0
0
0
0
0
0
0
0
0
0
0
0
0
0
0
0
0
0
0
0
0
0
0
0
0
0
0
0
0
0
0
0
0
0
0
0
0
0
0
0
0
0
0
0
0
0
0
0
0
0
0
0
0
0
0
0
0
0
0
0
0
0
0
0
0
0
0
0
0
0
0
0
0
0
0
0
0
0
0
0
0
0
0
0
0
0
0
0
0
0
0
0
0
0
0
0
0
0
0
0
0
0
0
0
0
0
0
0
0
0
0
0
0
0
0
0
0
0
0
0
0
0
0
0
0
0
0
0
0
0
0
0
0
0
0
0
0
0
0
0
0
0
0
0
0
0
0
0
0
0
0
0
0
0
0
0
0
0
0
0
0
0
0
0
0
0
0
0
0
0
0
0
0
0
0
0
0
0
0
0
0
0
0
0
0
0
0
0
0
0
0
0
0
0
0
0
0
0
0
0
0
0
0
0
0
0
0
0
0
0
0
0
0
0
0
0
0
0
0
0
0
0
0
0
0
0
0
0
0
0
0
0
0
0
0
0
0
0
0
0
0
0
0
0
0
0
0
0
0
0
0
0
0
0
0
0
0
0
0
0
0
0
0
0
0
0
0
0
0
0
0
0
0
0
0
0
0
0
0
0
0
0
0
0
0
0
0
0
0
0
0
0
0
0
0
0
0
0
0
0
0
0
0
0
0
0
0
0
0
0
0
0
0
0
0
0
0
0
0
0
0
0
0
0
0
0
0
0
0
0
0
0
0
0
0
0
0
0
0
0
0
0
0
0
0
0
0
0
0
0
0
0
0
0
0
0
0
0
0
0
0
0
0
0
0
0
0
0
0
0
0
0
0
0
0
0
0
0
0
0
0
0
0
0
0
0
0
0
0
0
0
0
0
0
0
0
0
0
0
0
0
0
0
0
0
0
0
0
0
0
0
0
0
0
0
0
0
0
0
0
0
0
0
0
0
0
0
0
0
0
0
0
0
0
0
0
0
0
0
0
0
0
0
0
0
0
0
0
0
0
0
0
0
0
0
0
0
0
0
0
0
0
0
0
0
0
0
0
0
0
0
0
0
0
0
0
0
0
0
0
0
0
0
0
0
0
0
0
0
0
0
0
0
0
0
0
0
0
0
0
0
0
0
0
0
0
0
0
0
0
0
0
0
0
0
0
0
0
0
0
0
0
0
0
0
0
0
0
0
0
0
0
0
0
0
0
0
0
0
0
0
0
0
0
0
0
0
0
0
0
0
0
0
0
0
0
0
0
0
0
0
0
0
0
0
0
0
0
0
0
0
0
0
0
0
0
0
0
0
0
0
0
0
0
0
0
0
0
0
0
0
0
0
0
0
0
0
0
0
0
0
0
0
0
0
0
0
0
0
0
0
0
0
0
0
0
0
0
0
0
0
0
0
0
0
0
0
0
0
0
0
0
0
0
0
0
0
0
0
0
0
0
0
0
0
0
0
0
0
0
0
0
0
0
0
0
0
0
0
0
0
0
0
0
0
0
0
0
0
0
0
0
0
0
0
0
0
0
0
0
0
0
0
0
0
0
0
0
0
0
0
0
0
0
0
0
0
0
0
0
0
0
0
0
0
0
0
0
0
0
0
0
0
0
0
0
0
0
0
0
0
0
0
0
0
0
0
0
0
0
0
0
0
0
0
0
0
0
0
0
0
0
0
0
0
0
0
0
0
0
0
0
0
0
0
0
0
0
0
0
0
0
0
0
0
0
0
0
0
0
0
0
0
0
0
0
0
0
0
0
0
0
0
0
0
0
0
0
0
0
0
0
0
0
0
0
0
0
0
0
0
0
0
0
0
0
0
0
0
0
0
0
0
0
0
0
0
0
0
0
0
0
0
0
0
0
0
0
0
0
0
0
0
0
0
0
0
0
0
0
0
0
0
0
0
0
0
0
0
0
0
0
0
0
0
0
0
0
0
0
0
0
0
0
0
0
0
0
0
0
0
0
0
0
0
0
0
0
0
0
0
0
0
0
0
0
0
0
0
0
0
0
0
0
0
0
0
0
0
0
0
0
0
0
0
0
0
0
0
0
0
0
0
0
0
0
0
0
0
0
0
0
0
0
0
0
0
0
0
0
0
0
0
0
0
0
0
0
0
0
0
0
0
0
0
0
0
0
0
0
0
0
0
0
0
0
0
0
0
0
0
0
0
0
0
0
0
0
0
0
0
0
0
0
0
0
0
0
0
0
0
0
0
0
0
0
0
0
0
0
0
0
0
0
0
0
0
0
0
0
0
0
0
0
0
0
0
0
0
0
0
0
0
0
0
0
0
0
0
0
0
0
0
0
0
0
0
0
0
0
0
0
0
0
0
0
0
0
0
0
0
0
0
0
0
0
0
0
0
0
0
0
0
0
0
0
0
0
0
0
0
0
0
0
0
0
0
0
0
0
0
0
0
0
0
0
0
0
0
0
0
0
0
0
0
0
0
0
0
0
0
0
0
0
0
0
0
0
0
0
0
0
0
0
0
0
0
0
0
0
0
0
0
0
0
0
0
0
0
0
0
0
0
0
0
0
0
0
0
0
0
0
0
0
0
0
0
0
0
0
0
0
0
0
0
0
0
0
0
0
0
0
0
0
0
0
0
0
0
0
0
0
0
0
0
0
0
0
0
0
0
0
0
0
0
0
0
0
0
0
0
0
0
0
)
;

boundaryField
{
    inlet
    {
        type            calculated;
        value           nonuniform List<scalar> 
20
(
-7.42428e-06
-7.42428e-06
-7.42428e-06
-7.42428e-06
-7.42428e-06
-7.42428e-06
-7.42428e-06
-7.42428e-06
-7.42428e-06
-7.42428e-06
-7.42428e-06
-7.42428e-06
-7.42428e-06
-7.42428e-06
-7.42428e-06
-7.42428e-06
-7.42428e-06
-7.42428e-06
-7.42428e-06
-7.42428e-06
)
;
    }
    outlet
    {
        type            calculated;
        value           uniform 0;
    }
    frontAndBack
    {
        type            empty;
    }
    topAndBottom
    {
        type            calculated;
        value           uniform 0;
    }
    defaultFaces
    {
        type            empty;
    }
}


// ************************************************************************* //
