/*--------------------------------*- C++ -*----------------------------------*\
  =========                 |
  \\      /  F ield         | OpenFOAM: The Open Source CFD Toolbox
   \\    /   O peration     | Website:  https://openfoam.org
    \\  /    A nd           | Version:  11
     \\/     M anipulation  |
\*---------------------------------------------------------------------------*/
FoamFile
{
    format      ascii;
    class       surfaceScalarField;
    location    "6";
    object      phi;
}
// * * * * * * * * * * * * * * * * * * * * * * * * * * * * * * * * * * * * * //

dimensions      [0 3 -1 0 0 0 0];

internalField   nonuniform List<scalar> 
5320
(
0
0
0
0
0
0
0
0
0
0
0
0
0
0
0
0
0
0
0
0
0
0
0
0
0
0
0
0
0
0
0
0
0
0
0
0
0
0
0
0
0
0
0
0
0
0
0
0
0
0
0
0
0
0
0
0
0
0
0
0
0
0
0
0
0
0
0
0
0
0
0
0
0
0
0
0
0
0
0
0
0
0
0
0
0
0
0
0
0
0
0
0
0
0
0
0
0
0
0
0
0
0
0
0
0
0
0
0
0
0
0
0
0
0
0
0
0
0
0
0
0
0
0
0
0
0
0
0
0
0
0
0
0
0
0
0
0
0
0
0
0
0
0
0
0
0
0
0
0
0
0
0
0
0
0
0
0
0
0
0
0
0
0
0
0
0
0
0
0
0
0
0
0
0
0
0
0
0
0
0
0
0
0
0
0
0
0
0
0
0
0
0
0
0
0
0
0
0
0
0
0
0
0
0
0
0
0
0
0
0
0
0
0
0
0
0
0
0
0
0
0
0
0
0
0
0
0
0
0
0
0
0
0
0
0
0
0
0
0
0
0
0
0
0
0
0
0
0
0
0
0
0
0
0
0
0
0
0
0
0
0
0
0
0
0
0
0
0
0
0
0
0
0
0
0
0
0
0
0
0
0
0
0
0
0
0
0
0
0
0
0
0
0
0
0
0
0
0
0
0
0
0
0
0
0
0
0
0
0
0
0
0
0
0
0
0
0
0
0
0
0
0
0
0
0
0
0
0
0
0
0
0
0
0
0
0
0
0
0
0
0
0
0
0
0
0
0
0
0
0
0
0
0
0
0
0
0
0
0
0
0
0
0
0
0
0
0
0
0
0
0
0
0
0
0
0
0
0
0
0
0
0
0
0
0
0
0
0
0
0
0
0
0
0
0
0
0
0
0
0
0
0
0
0
0
0
0
0
0
0
0
0
0
0
0
0
0
0
0
0
0
0
0
0
0
0
0
0
0
0
0
0
0
0
0
0
0
0
0
0
0
0
0
0
0
0
0
0
0
0
0
0
0
0
0
0
0
0
0
0
0
0
0
0
0
0
0
0
0
0
0
0
0
0
0
0
0
0
0
0
0
0
0
0
0
0
0
0
0
0
0
0
0
0
0
0
0
0
0
0
0
0
0
0
0
0
0
0
0
0
0
0
0
0
0
0
0
0
0
0
0
0
0
0
0
0
0
0
0
0
0
0
0
0
0
0
0
0
0
0
0
0
0
0
0
0
0
0
0
0
0
0
0
0
0
0
0
0
0
0
0
0
0
0
0
0
0
0
0
0
0
0
0
0
0
0
0
0
0
0
0
0
0
0
0
0
0
0
0
0
0
0
0
0
0
0
0
0
0
0
0
0
0
0
0
0
0
0
0
0
0
0
0
0
0
0
0
0
0
0
0
0
0
0
0
0
0
0
0
0
0
0
0
0
0
0
0
0
0
0
0
0
0
0
0
0
0
0
0
0
0
0
0
0
0
0
0
0
0
0
0
0
0
0
0
0
0
0
0
0
0
0
0
0
0
0
0
0
0
0
0
0
0
0
0
0
0
0
0
0
0
0
0
0
0
0
0
0
0
0
0
0
0
0
0
0
0
0
0
0
0
0
0
0
0
0
0
0
0
0
0
0
0
0
0
0
0
0
0
0
0
0
0
0
0
0
0
0
0
0
0
0
0
0
0
0
0
0
0
0
0
0
0
0
0
0
0
0
0
0
3.09944e-06
7.62939e-06
-6.4373e-06
7.62939e-06
-7.03335e-06
7.62939e-06
-9.05991e-06
1.52588e-05
-1.85966e-05
0
-1.75238e-05
-1.52588e-05
-2.44379e-05
0
-2.77758e-05
7.62939e-06
-2.69413e-05
7.62939e-06
-2.93255e-05
1.52588e-05
-3.49283e-05
1.52588e-05
-2.87294e-05
-1.52588e-05
-2.32458e-05
1.52588e-05
-2.6226e-05
0
-1.62125e-05
0
-4.64916e-06
0
-1.15633e-05
0
-4.05312e-06
0
-2.26498e-06
0
0
3.09944e-06
0
-8.72069e-06
-1.89367e-05
-6.48612e-06
0
-7.36306e-06
0
-2.25976e-05
-5.50681e-06
-1.44597e-05
-1.63368e-05
-2.54596e-05
0
-2.97418e-05
1.94906e-05
-2.5859e-05
-7.62939e-06
-2.83424e-05
1.51772e-05
-4.06887e-05
0
-2.84469e-05
-3.40378e-05
-2.05521e-05
-1.52588e-05
-3.03348e-05
1.45381e-05
-1.72132e-05
0
-4.52995e-06
-1.89363e-05
-1.49244e-05
0
-3.40006e-06
0
-2.38419e-06
6.19636e-05
0
2.86102e-06
6.50043e-06
-8.38822e-06
-3.93364e-05
-6.63064e-06
1.64998e-05
-7.55004e-06
-1.82208e-05
-2.27038e-05
-3.98844e-05
-1.44587e-05
-9.15386e-06
-2.51953e-05
0
-3.09588e-05
0
-2.53756e-05
-7.62939e-06
-2.90126e-05
-3.41955e-05
-4.00025e-05
0
-2.69874e-05
-3.53462e-06
-1.98144e-05
0
-3.08091e-05
3.56594e-05
-1.72006e-05
1.46909e-05
-4.41074e-06
-1.87364e-05
-1.4648e-05
0
-3.40768e-06
2.66305e-05
-2.86102e-06
6.15735e-05
1.52588e-05
2.14577e-06
1.97021e-05
-7.27122e-06
-1.07009e-05
-7.92027e-06
7.62939e-06
-7.47004e-06
0
-2.1338e-05
-1.37837e-05
-1.39448e-05
0
-2.47862e-05
0
-3.06529e-05
8.63117e-06
-2.51081e-05
0
-2.80239e-05
-7.62939e-06
-4.14566e-05
-2.09936e-05
-2.83252e-05
-3.35915e-05
-2.07408e-05
-3.7016e-05
-3.18809e-05
-1.52588e-05
-1.79141e-05
-1.88775e-06
-4.29153e-06
-3.80404e-05
-1.43477e-05
0
-3.45707e-06
5.72128e-05
-3.09944e-06
3.6888e-05
3.05176e-05
1.43051e-06
6.84913e-06
-6.43615e-06
-2.95307e-05
-8.07334e-06
1.22279e-05
-8.04015e-06
-1.38387e-05
-2.21e-05
-4.93945e-05
-1.452e-05
-3.96548e-05
-2.46812e-05
-7.62939e-06
-3.14046e-05
0
-2.4952e-05
0
-2.77785e-05
1.88508e-05
-4.07873e-05
-2.29933e-05
-2.70081e-05
-1.7292e-05
-1.86509e-05
-1.50616e-05
-2.98861e-05
1.88021e-05
-1.81968e-05
3.99325e-05
-4.05312e-06
-1.87649e-05
-1.50142e-05
-3.30104e-05
-3.45707e-06
0
-3.09944e-06
7.28372e-05
3.05176e-05
7.15256e-07
2.66485e-05
-4.70767e-06
0
-9.44716e-06
7.62939e-06
-8.35214e-06
-2.75216e-05
-2.0531e-05
-1.96481e-05
-1.37099e-05
-2.20544e-05
-2.46641e-05
0
-3.16769e-05
-2.78184e-05
-2.45842e-05
1.52588e-05
-2.86471e-05
3.21077e-05
-4.02616e-05
-1.52059e-05
-2.86274e-05
-3.64606e-05
-1.91436e-05
-1.2977e-05
-3.02708e-05
1.21097e-05
-1.89795e-05
1.18773e-05
-4.05312e-06
0
-1.37519e-05
-5.24686e-05
-2.86102e-06
5.49887e-05
-3.57628e-06
4.54658e-05
1.52588e-05
4.76837e-07
7.62939e-06
-4.36972e-06
-1.97511e-05
-1.0022e-05
2.15766e-05
-8.30153e-06
-9.93722e-06
-2.10637e-05
-3.61676e-05
-1.34059e-05
-1.872e-05
-2.53618e-05
0
-3.00978e-05
-7.62939e-06
-2.37775e-05
2.19037e-05
-3.00611e-05
4.46234e-05
-3.99223e-05
-1.48587e-05
-2.72565e-05
0
-1.87624e-05
-3.43849e-05
-2.93743e-05
3.16692e-05
-1.94369e-05
3.98004e-05
-4.41074e-06
0
-1.31244e-05
-1.36503e-05
-3.21865e-06
1.20732e-05
-3.8147e-06
1.52588e-05
0
0
6.91332e-06
-2.6305e-06
0
-1.10417e-05
1.15856e-05
-8.51146e-06
8.55368e-06
-2.03467e-05
-1.84904e-05
-1.29853e-05
0
-2.63452e-05
-1.75877e-05
-3.06697e-05
-2.21175e-05
-2.33184e-05
1.52588e-05
-3.24885e-05
7.12915e-05
-4.04219e-05
-3.887e-05
-2.85201e-05
0
-1.83002e-05
-3.71648e-05
-2.97783e-05
3.17784e-05
-2.01815e-05
4.0215e-05
-4.32436e-06
1.97323e-05
-1.24521e-05
-1.52588e-05
-2.98023e-06
0
-3.69549e-06
5.05213e-05
1.52588e-05
0
0
-2.63842e-06
-7.0363e-06
-1.09197e-05
-7.62939e-06
-9.18011e-06
1.67469e-05
-1.99549e-05
0
-1.34125e-05
0
-2.65326e-05
-1.7456e-05
-2.94948e-05
-3.88738e-05
-2.24022e-05
0
-3.57554e-05
4.02764e-05
-3.95712e-05
-2.3122e-05
-2.97076e-05
-3.97121e-05
-1.7569e-05
-5.16537e-05
-2.95181e-05
-2.99763e-06
-2.09626e-05
6.92086e-05
-4.88758e-06
1.27065e-05
-1.23548e-05
0
-2.6226e-06
0
-3.93391e-06
5.01721e-05
3.05176e-05
-2.38419e-07
-1.12641e-05
-2.64953e-06
-1.34984e-05
-1.0459e-05
0
-9.74067e-06
-7.62939e-06
-1.96823e-05
1.66123e-05
-1.3432e-05
1.14857e-05
-2.67805e-05
-2.48656e-05
-2.80301e-05
-1.94363e-05
-2.04821e-05
1.98489e-05
-3.67728e-05
8.49628e-05
-3.7696e-05
-5.82525e-05
-2.78699e-05
1.73074e-05
-1.68177e-05
0
-2.93158e-05
0
-2.17449e-05
4.1083e-05
-5.126e-06
1.52588e-05
-1.26373e-05
-1.99664e-05
-2.38419e-06
0
-4.29153e-06
1.21075e-05
0
-4.76837e-07
0
-2.5423e-06
-2.72943e-05
-1.08305e-05
-1.92135e-05
-9.06145e-06
0
-2.01766e-05
0
-1.41084e-05
0
-2.70279e-05
0
-2.82523e-05
-2.03537e-05
-2.04381e-05
1.52588e-05
-4.06176e-05
3.949e-05
-3.73259e-05
-2.32207e-05
-3.03062e-05
0
-1.69574e-05
0
-2.80227e-05
2.9058e-05
-2.18193e-05
2.75835e-05
-5.36442e-06
2.73641e-05
-1.23252e-05
-2.62947e-05
-2.26498e-06
0
-3.93391e-06
3.96886e-05
1.52588e-05
-5.16874e-07
-7.62939e-06
-2.44055e-06
0
-1.02196e-05
0
-9.13836e-06
7.62939e-06
-1.98248e-05
0
-1.40604e-05
0
-2.76628e-05
-1.14711e-05
-2.72061e-05
0
-1.97911e-05
0
-4.08809e-05
1.31564e-05
-3.53702e-05
-1.16176e-05
-2.93612e-05
1.97549e-05
-1.64137e-05
1.56122e-05
-2.80782e-05
0
-2.20158e-05
7.11401e-05
-5.96046e-06
-1.42548e-06
-1.23028e-05
-5.25411e-05
-2.14577e-06
-1.9769e-05
-4.29153e-06
3.60235e-05
0
-6.56999e-07
7.62939e-06
-2.48506e-06
-2.05346e-05
-9.8799e-06
7.62939e-06
-9.30056e-06
7.62939e-06
-2.00358e-05
-7.62939e-06
-1.41744e-05
-1.70647e-05
-2.74123e-05
-7.62939e-06
-2.72793e-05
-1.15362e-05
-1.91275e-05
1.90386e-05
-4.09052e-05
4.33961e-06
-3.54132e-05
1.81202e-05
-3.08176e-05
0
-1.68862e-05
1.52588e-05
-2.74117e-05
-1.98442e-05
-2.26609e-05
6.04293e-05
-6.19888e-06
1.8227e-05
-1.09512e-05
-5.10298e-05
-1.78814e-06
1.97009e-05
-4.52995e-06
0
1.52588e-05
-9.52291e-07
0
-2.12182e-06
-2.91389e-05
-1.01039e-05
0
-1.0007e-05
2.72478e-05
-1.99354e-05
-1.13746e-05
-1.42006e-05
-1.52588e-05
-2.77066e-05
-2.14481e-05
-2.69179e-05
-1.56496e-05
-1.9763e-05
0
-4.23661e-05
-1.9187e-05
-3.56753e-05
1.90099e-05
-3.08392e-05
3.43757e-05
-1.74939e-05
-3.15773e-05
-2.50503e-05
0
-2.35695e-05
7.23555e-05
-6.91414e-06
1.54771e-05
-1.09243e-05
-5.24772e-05
-1.90735e-06
1.29347e-05
-4.29153e-06
2.00165e-05
0
-2.00669e-06
-1.97629e-05
-2.14577e-06
-7.62939e-06
-9.24513e-06
0
-1.09566e-05
0
-1.98387e-05
-2.79103e-05
-1.45542e-05
-2.22655e-05
-2.68471e-05
-5.36569e-06
-2.6043e-05
0
-1.9604e-05
0
-4.11042e-05
-1.47683e-05
-3.65525e-05
1.84855e-05
-3.10283e-05
-1.72631e-05
-1.64791e-05
1.52588e-05
-2.44574e-05
1.4367e-05
-2.49009e-05
4.74518e-05
-6.86285e-06
1.47866e-05
-1.01376e-05
-1.10932e-05
-2.02656e-06
0
-4.41074e-06
-1.52588e-05
1.52588e-05
-1.4871e-06
-1.12452e-05
-1.90735e-06
-1.32528e-05
-9.38742e-06
-1.72093e-05
-1.15828e-05
-8.58534e-06
-1.91491e-05
-2.42149e-05
-1.41904e-05
-7.62939e-06
-2.72124e-05
-1.13337e-05
-2.67163e-05
-9.35638e-06
-1.98335e-05
-6.23323e-06
-4.03454e-05
-1.99324e-05
-3.53121e-05
3.76074e-05
-2.98519e-05
3.01851e-06
-1.72631e-05
1.86963e-05
-2.3942e-05
-1.99285e-05
-2.47772e-05
4.18857e-05
-7.11299e-06
0
-9.47288e-06
-1.2418e-05
-1.90735e-06
1.97936e-05
-4.29153e-06
-1.52588e-05
0
-2.03306e-06
-6.9269e-06
-1.90735e-06
-9.52071e-06
-9.40489e-06
-7.62939e-06
-1.16863e-05
-2.48371e-05
-1.90228e-05
0
-1.41258e-05
-7.62939e-06
-2.65842e-05
-1.39196e-05
-2.61056e-05
0
-1.94156e-05
7.62939e-06
-3.95199e-05
1.65937e-05
-3.79384e-05
3.64306e-06
-3.12402e-05
-1.52588e-05
-1.73953e-05
0
-2.26551e-05
0
-2.52256e-05
1.47183e-05
-7.11234e-06
3.53246e-05
-9.67916e-06
-3.68859e-05
-2.26498e-06
0
-4.17233e-06
-3.54971e-05
0
-1.47576e-06
-7.62939e-06
-1.57251e-06
-1.9564e-05
-9.67047e-06
-1.82012e-05
-1.09688e-05
0
-1.95619e-05
0
-1.42014e-05
0
-2.68698e-05
-7.62939e-06
-2.63886e-05
7.62939e-06
-1.97324e-05
0
-3.91782e-05
3.93791e-05
-3.75301e-05
1.90485e-05
-2.99062e-05
-1.22618e-05
-1.76736e-05
0
-2.22984e-05
-3.05271e-06
-2.62914e-05
1.82431e-05
-7.25286e-06
0
-8.96621e-06
-3.21827e-05
-2.26498e-06
-4.58768e-06
-3.8147e-06
0
1.52588e-05
-2.08963e-06
-1.52588e-05
-1.78814e-06
0
-9.1879e-06
-7.62939e-06
-1.10282e-05
0
-1.95044e-05
-7.62939e-06
-1.45505e-05
0
-2.62221e-05
0
-2.68768e-05
7.62939e-06
-1.95903e-05
0
-4.16292e-05
0
-3.82042e-05
1.52588e-05
-2.94533e-05
-1.52588e-05
-1.74375e-05
0
-2.12128e-05
1.52588e-05
-2.54085e-05
0
-6.84769e-06
0
-8.44274e-06
0
-2.26498e-06
0
-3.69549e-06
1.52588e-05
1.52588e-05
-1.43051e-06
-1.90735e-06
-7.98702e-06
-1.20401e-05
-1.70469e-05
-1.71661e-05
-2.39611e-05
-2.57492e-05
-2.38419e-05
-3.54052e-05
-3.50475e-05
-2.83718e-05
-2.09808e-05
-2.15769e-05
-2.14577e-05
-8.70228e-06
-7.39098e-06
-2.14577e-06
-3.8147e-06
0
0
0
0
0
0
0
0
0
0
0
0
0
0
0
0
0
0
0
0
0
0
0
0
0
0
0
0
0
0
0
0
0
0
0
0
0
0
0
0
0
0
0
0
0
0
0
0
0
0
0
0
0
0
0
0
0
0
0
0
0
0
0
0
0
0
0
0
0
0
0
0
0
0
0
0
0
0
0
0
0
0
0
0
0
0
0
0
0
0
0
0
0
0
0
0
0
0
0
0
0
0
0
0
0
0
0
0
0
0
0
0
0
0
0
0
0
0
0
0
0
0
0
0
0
0
0
0
0
0
0
0
0
0
0
0
0
0
0
0
0
0
0
0
0
0
0
0
0
0
0
0
0
0
0
0
0
0
0
0
0
0
0
0
0
0
0
0
0
0
0
0
0
0
0
0
0
0
0
0
0
0
0
0
0
0
0
0
0
0
0
0
0
0
0
0
0
0
0
0
0
0
0
0
0
0
0
0
0
0
0
0
0
0
0
0
0
0
0
0
0
0
0
0
0
0
0
0
0
0
0
0
0
0
0
0
0
0
0
0
0
0
0
0
0
0
0
0
0
0
0
0
0
0
0
0
0
0
0
0
0
0
0
0
0
0
0
0
0
0
0
0
0
0
0
0
0
0
0
0
0
0
0
0
0
0
0
0
0
0
0
0
0
0
0
0
0
0
0
0
0
0
0
0
0
0
0
0
0
0
0
0
0
0
0
0
0
0
0
0
0
0
0
0
0
0
0
0
0
0
0
0
0
0
0
0
0
0
0
0
0
0
0
0
0
0
0
0
0
0
0
0
0
0
0
0
0
0
0
0
0
0
0
0
0
0
0
0
0
0
0
0
0
0
0
0
0
0
0
0
0
0
0
0
0
0
0
0
0
0
0
0
0
0
0
0
0
0
0
0
0
0
0
0
0
0
0
0
0
0
0
0
0
0
0
0
0
0
0
0
0
0
0
0
0
0
0
0
0
0
0
0
0
0
0
0
0
0
0
0
0
0
0
0
0
0
0
0
0
0
0
0
0
0
0
0
0
0
0
0
0
0
0
0
0
0
0
0
0
0
0
0
0
0
0
0
0
0
0
0
0
0
0
0
0
0
0
0
0
0
0
0
0
0
0
0
0
0
0
0
0
0
0
0
0
0
0
0
0
0
0
0
0
0
0
0
0
0
0
0
0
0
0
0
0
0
0
0
0
0
0
0
0
0
0
0
0
0
0
0
0
0
0
0
0
0
0
0
0
0
0
0
0
0
0
0
0
0
0
0
0
0
0
0
0
0
0
0
0
0
0
0
0
0
0
0
0
0
0
0
0
0
0
0
0
0
0
0
0
0
0
0
0
0
0
0
0
0
0
0
0
0
0
0
0
0
0
0
0
0
0
0
0
0
0
0
0
0
0
0
0
0
0
0
0
0
0
0
0
0
0
0
0
0
0
0
0
0
0
0
0
0
0
0
0
0
0
0
0
0
0
0
0
0
0
0
0
0
0
0
0
0
0
0
0
0
0
0
0
0
0
0
0
0
0
0
0
0
0
0
0
0
0
0
0
0
0
0
0
0
0
0
0
0
0
0
0
0
0
0
0
0
0
0
0
0
0
0
0
0
0
0
0
0
0
0
0
0
0
0
0
0
0
0
0
0
0
0
0
0
0
0
0
0
0
0
0
0
0
0
0
0
0
0
0
0
0
0
0
0
0
0
0
0
0
0
0
0
0
0
0
0
0
0
0
0
0
0
0
0
0
0
0
0
0
0
0
0
0
0
0
0
0
0
0
0
0
0
0
0
0
0
0
0
0
0
0
0
0
0
0
0
0
0
0
0
0
0
0
0
0
0
0
0
0
0
0
0
0
0
0
0
0
0
0
0
0
0
0
0
0
0
0
0
0
0
0
0
0
0
0
0
0
0
0
0
0
0
0
0
0
0
0
0
0
0
0
0
0
0
0
0
0
0
0
0
0
0
0
0
0
0
0
0
0
0
0
0
0
0
0
0
0
0
0
0
0
0
0
0
0
0
0
0
0
0
0
0
0
0
0
0
0
0
0
0
0
0
0
0
0
0
0
0
0
0
0
0
0
0
0
0
0
0
0
0
0
0
0
0
0
0
0
0
0
0
0
0
0
0
0
0
0
0
0
0
0
0
0
0
0
0
0
0
0
0
0
0
0
0
0
0
0
0
0
0
0
0
0
0
0
0
0
0
0
0
0
0
0
0
0
0
0
0
0
0
0
0
0
0
0
0
0
0
0
0
0
0
0
0
0
0
0
0
0
0
0
0
0
0
0
0
0
0
0
0
0
0
0
0
0
0
0
0
0
0
0
0
0
0
0
0
0
0
0
0
0
0
0
0
0
0
0
0
0
0
0
0
0
0
0
0
0
0
0
0
0
0
0
0
0
0
0
0
0
0
0
0
0
0
0
0
0
0
0
0
0
0
0
0
0
0
0
0
0
0
0
0
0
0
0
0
0
0
0
0
0
0
0
0
0
0
0
0
0
0
0
0
0
0
0
0
0
0
0
0
0
0
0
0
0
0
0
0
0
0
0
0
0
0
0
0
0
0
0
0
0
0
0
0
0
0
0
0
0
0
0
0
0
0
0
0
0
0
0
0
0
0
0
0
0
0
0
0
0
0
0
0
0
0
0
0
0
0
0
0
0
0
0
0
0
0
0
0
0
0
0
0
0
0
0
0
0
0
0
0
0
0
0
0
0
0
0
0
0
0
0
0
0
0
0
0
0
0
0
0
0
0
0
0
0
0
0
0
0
0
0
0
0
0
0
0
0
0
0
0
0
0
0
0
0
0
0
0
0
0
0
0
0
0
0
0
0
0
0
0
0
0
0
0
0
0
0
0
0
0
0
0
0
0
0
0
0
0
0
0
0
0
0
0
0
0
0
0
0
0
0
0
0
0
0
0
0
0
0
0
0
0
0
0
0
0
0
0
0
0
0
0
0
0
0
0
0
0
0
0
0
0
0
0
0
0
0
0
0
0
0
0
0
0
0
0
0
0
0
0
0
0
0
0
0
0
0
0
0
0
0
0
0
0
0
0
0
0
0
0
0
0
0
0
0
0
0
0
0
0
0
0
0
0
0
0
0
0
0
0
0
0
0
0
0
0
0
0
0
0
0
0
0
0
0
0
0
0
0
0
0
0
0
0
0
0
0
0
0
0
0
0
0
0
0
0
0
0
0
0
0
0
0
0
0
0
0
0
0
0
0
0
0
0
0
0
0
0
0
0
0
0
0
0
0
0
0
0
0
0
0
0
0
0
0
0
0
0
0
0
0
0
0
0
0
0
0
0
0
0
0
0
0
0
0
0
0
0
0
0
0
0
0
0
0
0
0
0
0
0
0
0
0
0
0
0
0
0
0
0
0
0
0
0
0
0
0
0
0
0
0
0
0
0
0
0
0
0
0
0
0
0
0
0
0
0
0
0
0
0
0
0
0
0
0
0
0
0
0
0
0
0
0
0
0
0
0
0
0
0
0
0
0
0
0
0
0
0
0
0
0
0
0
0
0
0
0
0
0
0
0
0
0
0
0
0
0
0
0
0
0
0
0
0
0
0
0
0
0
0
0
0
0
0
0
0
0
0
0
0
0
0
0
0
0
0
0
0
0
0
0
0
0
0
0
0
0
0
0
0
0
0
0
0
0
0
0
0
0
0
0
0
0
0
0
0
0
0
0
0
0
0
0
0
0
0
0
0
0
0
0
0
0
0
0
0
0
0
0
0
0
0
0
0
0
0
0
0
0
0
0
0
0
0
0
0
0
0
0
0
0
0
0
0
0
0
0
0
0
0
0
0
0
0
0
0
0
0
0
0
0
0
0
0
0
0
0
0
0
0
0
0
0
0
0
0
0
0
0
0
0
0
0
0
0
0
0
0
0
0
0
0
0
0
0
0
0
0
0
0
0
0
0
0
0
0
0
0
0
0
0
0
0
0
0
0
0
0
0
0
0
0
0
0
0
0
0
0
0
0
0
0
0
0
0
0
0
0
0
0
0
0
0
0
0
0
0
0
0
0
0
0
0
0
0
0
0
0
0
0
0
0
0
0
0
0
0
0
0
0
0
0
0
0
0
0
0
0
0
0
0
0
0
0
0
0
0
0
0
0
0
0
0
0
0
0
0
0
0
0
0
0
0
0
0
0
0
0
0
0
0
0
0
0
0
0
0
0
0
0
0
0
0
0
0
0
0
0
0
0
0
0
0
0
0
0
0
0
0
0
0
0
0
0
0
0
0
0
0
0
0
0
0
0
0
0
0
0
0
0
0
0
0
0
0
0
0
0
0
0
0
0
0
0
0
0
0
0
0
0
0
0
0
0
0
0
0
0
0
0
0
0
0
0
0
0
0
0
0
0
0
0
0
0
0
0
0
0
0
0
0
0
0
0
0
0
0
0
0
0
0
0
0
0
0
0
0
0
0
0
0
0
0
0
0
0
0
0
0
0
0
0
0
0
0
0
0
0
0
0
0
0
0
0
0
0
0
0
0
0
0
0
0
0
0
0
0
0
0
0
0
0
0
0
0
0
0
0
0
0
0
0
0
0
0
0
0
0
0
0
0
0
0
0
0
0
0
0
0
0
0
0
0
0
0
0
0
0
0
0
0
0
0
0
0
0
0
0
0
0
0
0
0
0
0
0
0
0
0
0
0
0
0
0
0
0
0
0
0
0
0
0
0
0
0
0
0
0
0
0
0
0
0
0
0
0
0
0
0
0
0
0
0
0
0
0
0
0
0
0
0
0
0
0
0
0
0
0
0
0
0
0
0
0
0
0
0
0
0
0
0
0
0
0
0
0
0
0
0
0
0
0
0
0
0
0
0
0
0
0
0
0
0
0
0
0
0
0
0
0
0
0
0
0
0
0
0
0
0
0
0
0
0
0
0
0
0
0
0
0
0
0
0
0
0
0
0
0
0
0
0
0
0
0
0
0
0
0
0
0
0
0
0
0
0
0
0
0
0
0
0
0
0
0
0
0
0
0
0
0
0
0
0
0
0
0
0
0
0
0
0
0
0
0
0
0
0
0
0
0
0
0
0
0
0
0
0
0
0
0
0
0
0
0
0
0
0
0
0
0
0
0
0
0
0
0
0
0
0
0
0
0
0
0
0
0
0
0
0
0
0
0
0
0
0
0
0
0
0
0
0
0
0
0
0
0
0
0
0
0
0
0
0
0
0
0
0
0
0
0
0
0
0
0
0
0
0
0
0
0
0
0
0
0
0
0
0
0
0
0
0
0
0
0
0
0
0
0
0
0
0
0
0
0
0
0
0
0
0
0
0
0
0
0
0
0
0
0
0
0
0
0
0
0
0
0
0
0
0
0
0
0
0
0
0
0
0
0
0
0
0
0
0
0
0
0
0
0
0
0
0
0
0
0
0
0
0
0
0
0
0
0
0
0
0
0
0
0
0
0
0
0
0
0
0
0
0
0
0
0
0
0
0
0
0
0
0
0
0
0
0
0
0
0
0
0
0
0
0
0
0
0
0
0
0
0
0
0
0
0
0
0
0
0
0
0
0
0
0
0
0
0
0
0
0
0
0
0
0
0
0
0
0
0
0
0
0
0
0
0
0
0
0
0
0
0
0
0
0
0
0
0
0
0
0
0
0
0
0
0
0
0
0
0
0
0
0
0
0
0
0
0
0
0
0
0
0
0
0
0
0
0
0
0
0
0
0
0
0
0
0
0
0
0
0
0
0
0
0
0
0
0
0
0
0
0
0
0
0
0
0
0
0
0
0
0
0
0
0
0
0
0
0
0
0
0
0
0
0
0
0
0
0
0
0
0
0
0
0
0
0
0
0
0
0
0
0
0
0
0
0
0
0
0
0
0
0
0
0
0
0
0
0
0
0
0
0
0
0
0
0
0
0
0
0
0
0
0
0
0
0
0
0
0
0
0
0
0
0
0
0
0
0
0
0
0
0
0
0
0
0
0
0
0
0
0
0
0
0
0
0
0
0
0
0
0
0
0
0
0
0
0
0
0
0
0
0
0
0
0
0
0
0
0
0
0
0
0
0
0
0
0
0
0
0
0
0
0
0
0
0
0
0
0
0
0
0
0
0
0
0
0
0
0
0
0
0
0
0
0
0
0
0
0
0
0
0
0
0
0
0
0
0
0
0
0
0
0
0
0
0
0
0
0
0
0
0
0
0
0
0
0
0
0
0
0
0
0
0
0
0
0
0
0
0
0
0
0
0
0
0
0
0
0
0
0
0
0
0
0
0
0
0
0
0
0
0
0
0
0
0
0
0
0
0
0
0
0
0
0
0
0
0
0
0
0
0
0
0
0
0
0
0
0
0
0
0
0
0
0
0
0
0
0
0
0
0
0
0
0
0
0
0
0
0
0
0
0
0
0
0
0
0
0
0
0
0
0
0
0
0
0
0
0
0
0
0
0
0
0
0
0
0
0
0
0
0
0
0
0
0
0
0
0
0
0
0
0
0
0
0
0
0
0
0
0
0
0
0
0
0
0
0
0
0
0
0
0
0
0
0
0
0
0
0
0
0
0
0
0
0
0
0
0
0
0
0
0
0
0
0
0
0
0
0
0
0
0
0
0
0
0
0
0
0
0
0
0
0
0
0
0
0
0
0
0
0
0
0
0
0
0
0
0
0
0
0
0
0
0
0
0
0
0
0
0
0
0
0
0
0
0
0
0
0
0
0
0
0
0
0
0
0
0
0
0
0
0
0
0
0
0
0
0
0
0
0
0
0
0
0
0
0
0
0
0
0
0
0
0
0
0
0
0
0
0
0
0
0
0
0
0
0
0
0
0
0
0
0
0
0
0
0
0
0
0
0
0
0
0
0
0
0
0
0
0
0
0
0
0
0
0
0
0
0
0
0
0
0
0
0
0
0
0
0
0
0
0
0
0
0
0
0
0
0
0
0
0
0
0
0
0
0
0
0
0
0
0
0
0
0
0
0
0
0
0
0
0
0
0
0
0
0
0
0
0
0
0
0
0
0
0
0
0
0
0
0
0
0
0
0
0
0
0
0
0
0
0
0
0
0
0
0
0
0
0
0
0
0
0
0
0
0
0
0
0
0
0
0
0
0
0
0
0
0
0
0
0
0
0
0
0
0
0
0
0
0
0
0
0
0
0
0
0
0
0
0
0
0
0
0
0
0
0
0
0
0
0
0
0
0
0
0
0
0
0
0
0
0
0
0
0
0
0
0
0
0
0
0
0
0
0
0
0
0
0
0
0
0
0
0
0
0
0
0
0
0
0
0
0
0
0
0
0
0
0
0
0
0
0
0
0
0
0
0
0
0
0
0
0
0
0
0
0
0
0
0
0
0
0
0
0
0
0
0
0
0
0
0
0
0
0
0
0
0
0
0
0
0
0
0
0
0
0
0
0
0
0
0
0
0
0
0
0
0
0
0
0
0
0
0
0
0
0
0
0
0
0
0
0
0
0
0
0
0
0
0
0
0
0
0
0
0
0
0
0
0
0
0
0
0
0
0
0
0
0
0
0
0
0
0
0
0
0
0
0
0
0
0
0
0
0
0
0
0
0
0
0
0
0
0
0
0
0
0
0
0
0
0
0
0
0
0
0
0
0
0
0
0
0
0
0
0
0
0
0
0
0
0
0
0
0
0
0
0
0
0
0
0
0
0
0
0
0
0
0
0
0
0
0
0
0
0
0
0
0
0
0
0
0
0
0
0
0
0
0
0
0
0
0
0
0
0
0
0
0
0
0
0
0
0
0
0
0
0
0
0
0
0
0
0
0
0
0
0
0
0
0
0
0
0
0
0
0
0
0
0
0
0
0
0
0
0
0
0
0
0
0
0
0
0
0
0
0
0
0
0
0
0
0
0
0
0
0
0
0
0
0
0
0
0
0
0
0
0
0
0
0
0
0
0
0
0
0
0
0
0
0
0
0
0
0
0
0
0
0
0
0
0
0
0
0
0
0
0
0
0
0
0
0
0
0
0
0
0
0
0
0
0
0
0
0
0
0
0
0
0
0
0
0
0
0
0
0
0
0
0
0
0
0
0
0
0
0
0
0
0
0
0
0
0
0
0
0
0
0
0
0
0
0
0
0
0
0
0
0
0
0
0
0
0
0
0
0
0
0
0
0
0
0
0
0
0
0
0
0
0
0
0
0
0
0
0
0
0
0
0
0
0
0
0
0
0
0
0
0
0
0
0
0
0
0
0
0
0
0
0
0
0
0
0
0
0
0
0
0
0
0
0
0
0
0
0
0
0
0
0
0
0
0
0
0
0
0
0
0
0
0
0
0
0
0
0
0
0
0
0
0
0
0
0
0
0
0
0
0
0
0
0
0
0
0
0
0
0
0
0
0
0
0
0
0
0
0
0
0
0
0
0
0
0
0
0
0
0
0
0
0
0
0
0
0
0
0
0
0
0
0
0
0
0
0
0
0
0
0
0
0
0
0
0
0
0
0
0
0
0
0
0
0
0
0
0
0
0
0
0
0
0
0
0
0
0
0
0
0
0
0
0
0
0
0
0
0
0
0
0
0
0
0
0
0
0
0
0
0
0
0
0
0
0
0
0
0
0
0
0
0
0
0
0
0
0
0
)
;

boundaryField
{
    inlet
    {
        type            calculated;
        value           nonuniform List<scalar> 
20
(
-7.42428e-06
-7.42428e-06
-7.42428e-06
-7.42428e-06
-7.42428e-06
-7.42428e-06
-7.42428e-06
-7.42428e-06
-7.42428e-06
-7.42428e-06
-7.42428e-06
-7.42428e-06
-7.42428e-06
-7.42428e-06
-7.42428e-06
-7.42428e-06
-7.42428e-06
-7.42428e-06
-7.42428e-06
-7.42428e-06
)
;
    }
    outlet
    {
        type            calculated;
        value           uniform 0;
    }
    frontAndBack
    {
        type            empty;
    }
    topAndBottom
    {
        type            calculated;
        value           uniform 0;
    }
    defaultFaces
    {
        type            empty;
    }
}


// ************************************************************************* //
