/*--------------------------------*- C++ -*----------------------------------*\
  =========                 |
  \\      /  F ield         | OpenFOAM: The Open Source CFD Toolbox
   \\    /   O peration     | Website:  https://openfoam.org
    \\  /    A nd           | Version:  11
     \\/     M anipulation  |
\*---------------------------------------------------------------------------*/
FoamFile
{
    format      ascii;
    class       surfaceScalarField;
    location    "24";
    object      phi;
}
// * * * * * * * * * * * * * * * * * * * * * * * * * * * * * * * * * * * * * //

dimensions      [0 3 -1 0 0 0 0];

internalField   nonuniform List<scalar> 
5320
(
0
0
0
0
0
0
0
0
0
0
0
0
0
0
0
0
0
0
0
0
0
0
0
0
0
0
0
0
0
0
0
0
0
0
0
0
0
0
0
0
0
0
0
0
0
0
0
0
0
0
0
0
0
0
0
0
0
0
0
0
0
0
0
0
0
0
0
0
0
0
0
0
0
0
0
0
0
0
0
0
0
0
0
0
0
0
0
0
0
0
0
0
0
0
0
0
0
0
0
0
0
0
0
0
0
0
0
0
0
0
0
0
0
0
0
0
0
0
0
0
0
0
0
0
0
0
0
0
0
0
0
0
0
0
0
0
0
0
0
0
0
0
0
0
0
0
0
0
0
0
0
0
0
0
0
0
0
0
0
0
0
0
0
0
0
0
0
0
0
0
0
0
0
0
0
0
0
0
0
0
0
0
0
0
0
0
0
0
0
0
0
0
0
0
0
0
0
0
0
0
0
0
0
0
0
0
0
0
0
0
0
0
0
0
0
0
0
0
0
0
0
0
0
0
0
0
0
0
0
0
0
0
0
0
0
0
0
0
0
0
0
0
0
0
0
0
0
0
0
0
0
0
0
0
0
0
0
0
0
0
0
0
0
0
0
0
0
0
0
0
0
0
0
0
0
0
0
0
0
0
0
0
0
0
0
0
0
0
0
0
0
0
0
0
0
0
0
0
0
0
0
0
0
0
0
0
0
0
0
0
0
0
0
0
0
0
0
0
0
0
0
0
0
0
0
0
0
0
0
0
0
0
0
0
0
0
0
0
0
0
0
0
0
0
0
0
0
0
0
0
0
0
0
0
0
0
0
0
0
0
0
0
0
0
0
0
0
0
0
0
0
0
0
0
0
0
0
0
0
0
0
0
0
0
0
0
0
0
0
0
0
0
0
0
0
0
0
0
0
0
0
0
0
0
0
0
0
0
0
0
0
0
0
0
0
0
0
0
0
0
0
0
0
0
0
0
0
0
0
0
0
0
0
0
0
0
0
0
0
0
0
0
0
0
0
0
0
0
0
0
0
0
0
0
0
0
0
0
0
0
0
0
0
0
0
0
0
0
0
0
0
0
0
0
0
0
0
0
0
0
0
0
0
0
0
0
0
0
0
0
0
0
0
0
0
0
0
0
0
0
0
0
0
0
0
0
0
0
0
0
0
0
0
0
0
0
0
0
0
0
0
0
0
0
0
0
0
0
0
0
0
0
0
0
0
0
0
0
0
0
0
0
0
0
0
0
0
0
0
0
0
0
0
0
0
0
0
0
0
0
0
0
0
0
0
0
0
0
0
0
0
0
0
0
0
0
0
0
0
0
0
0
0
0
0
0
0
0
0
0
0
0
0
0
0
0
0
0
0
0
0
0
0
0
0
0
0
0
0
0
0
0
0
0
0
0
0
0
0
0
0
0
0
0
0
0
0
0
0
0
0
0
0
0
0
0
0
0
0
0
0
0
0
0
0
0
0
0
0
0
0
0
0
0
0
0
0
0
0
0
0
0
0
0
0
0
0
0
0
0
0
0
0
0
0
0
0
0
0
0
0
0
0
0
0
0
0
0
0
0
0
0
0
0
0
0
0
0
0
0
0
0
0
0
0
0
0
0
0
0
0
0
0
0
0
0
0
0
0
0
0
0
0
0
0
0
0
0
0
0
0
0
0
0
0
0
0
0
0
0
0
0
0
0
0
0
0
0
0
0
0
0
0
0
0
0
0
0
0
0
2.86102e-06
7.62939e-06
-6.4373e-06
7.62939e-06
-7.15256e-06
7.62939e-06
-9.05991e-06
7.62939e-06
-1.85966e-05
0
-1.75238e-05
-7.62939e-06
-2.44379e-05
0
-2.77758e-05
7.62939e-06
-2.70605e-05
1.52588e-05
-2.93255e-05
7.62939e-06
-3.49283e-05
1.52588e-05
-2.87294e-05
-1.52588e-05
-2.32458e-05
1.52588e-05
-2.6226e-05
0
-1.62125e-05
0
-4.64916e-06
-1.52588e-05
-1.16825e-05
0
-4.05312e-06
0
-2.26498e-06
0
0
3.09944e-06
0
-8.93263e-06
-1.02844e-05
-6.02019e-06
0
-7.40798e-06
0
-2.41408e-05
-9.7656e-06
-1.40218e-05
-1.63073e-05
-2.79828e-05
0
-3.21696e-05
2.74436e-05
-2.37541e-05
-7.62939e-06
-2.61049e-05
1.57134e-05
-4.40967e-05
0
-2.625e-05
-3.35679e-05
-1.95506e-05
-1.52588e-05
-3.26743e-05
1.36411e-05
-1.87048e-05
0
-4.52995e-06
-1.97909e-05
-1.52185e-05
0
-3.29525e-06
0
-2.26498e-06
5.76644e-05
0
2.86102e-06
6.20366e-06
-8.54342e-06
-4.01742e-05
-6.20744e-06
8.86445e-06
-7.74022e-06
-1.84432e-05
-2.43513e-05
-4.07588e-05
-1.38974e-05
-9.13394e-06
-2.74259e-05
0
-3.38607e-05
0
-2.33144e-05
-7.62939e-06
-2.6696e-05
-2.0443e-05
-4.37576e-05
0
-2.56783e-05
-1.87915e-05
-1.87714e-05
0
-3.21094e-05
4.04889e-05
-1.84573e-05
1.93447e-05
-4.29153e-06
-1.7303e-05
-1.487e-05
0
-2.77043e-06
3.7677e-05
-2.6226e-06
8.08329e-05
1.52588e-05
2.14577e-06
1.63302e-05
-7.49345e-06
-1.27103e-05
-8.61171e-06
9.96225e-06
-7.50817e-06
0
-2.27345e-05
-2.03948e-05
-1.35971e-05
0
-2.71041e-05
0
-3.31577e-05
5.50403e-06
-2.31941e-05
0
-2.59973e-05
-7.63963e-06
-4.58773e-05
-3.95046e-05
-2.729e-05
-2.00645e-05
-1.97282e-05
-3.7161e-05
-3.55582e-05
-1.52588e-05
-1.98909e-05
1.30705e-05
-4.29153e-06
-3.86436e-05
-1.47682e-05
0
-2.59656e-06
6.04669e-05
-3.21865e-06
3.67765e-05
3.05176e-05
1.66893e-06
9.83499e-06
-6.86401e-06
-3.85402e-05
-8.43512e-06
2.83029e-05
-7.99126e-06
-1.13152e-05
-2.40641e-05
-5.09521e-05
-1.38954e-05
-3.98407e-05
-2.64723e-05
-7.62939e-06
-3.41078e-05
0
-2.30498e-05
0
-2.53941e-05
1.86416e-05
-4.39895e-05
-2.40347e-05
-2.61153e-05
-3.70971e-06
-1.83723e-05
-1.66454e-05
-3.2172e-05
1.45627e-05
-1.95083e-05
3.98562e-05
-4.05312e-06
-1.87417e-05
-1.57685e-05
-3.93881e-05
-2.67847e-06
1.52588e-05
-3.09944e-06
8.82853e-05
3.05176e-05
7.15256e-07
1.90911e-05
-4.92993e-06
0
-1.04214e-05
5.79064e-06
-8.20793e-06
-2.03426e-05
-2.17282e-05
-1.16204e-05
-1.34636e-05
-2.2008e-05
-2.64542e-05
0
-3.46358e-05
-2.03131e-05
-2.28582e-05
7.62939e-06
-2.6731e-05
2.45456e-05
-4.33681e-05
-1.52588e-05
-2.76812e-05
-3.63619e-05
-1.81719e-05
-1.28721e-05
-3.28544e-05
-2.85311e-06
-2.04909e-05
3.05176e-05
-4.17233e-06
0
-1.38115e-05
-4.01787e-05
-2.33574e-06
5.89603e-05
-3.69549e-06
3.92952e-05
1.52588e-05
4.76837e-07
7.62939e-06
-4.92068e-06
-2.79466e-05
-1.07294e-05
2.24305e-05
-8.33509e-06
-1.0042e-05
-2.28576e-05
-3.67216e-05
-1.3152e-05
-2.90182e-05
-2.7906e-05
0
-3.26043e-05
-1.52588e-05
-2.21359e-05
2.0552e-05
-2.85957e-05
4.41942e-05
-4.37347e-05
-1.84506e-05
-2.66116e-05
0
-1.81246e-05
-3.50983e-05
-3.13359e-05
1.17623e-05
-2.06683e-05
4.67497e-05
-4.41074e-06
0
-1.35521e-05
-2.99751e-05
-2.30111e-06
1.21796e-05
-3.8147e-06
1.52588e-05
0
0
6.51685e-06
-2.86199e-06
0
-1.19883e-05
9.95859e-06
-8.47787e-06
1.6175e-05
-2.17959e-05
-2.70083e-05
-1.28243e-05
0
-2.91011e-05
-1.01742e-05
-3.33475e-05
-1.99987e-05
-2.17371e-05
7.62939e-06
-3.35616e-05
5.12911e-05
-4.38532e-05
-4.02559e-05
-2.86984e-05
0
-1.7564e-05
-3.32974e-05
-3.22781e-05
2.12767e-05
-2.16351e-05
5.34707e-05
-4.30794e-06
2.00377e-05
-1.28334e-05
2.37484e-07
-2.38544e-06
0
-3.69549e-06
4.19516e-05
1.52588e-05
-2.38419e-07
0
-2.62119e-06
-6.06175e-06
-1.18686e-05
-7.62939e-06
-8.84336e-06
9.74345e-06
-2.13877e-05
0
-1.30695e-05
0
-2.9398e-05
-9.93219e-06
-3.24062e-05
-4.0412e-05
-2.10513e-05
0
-3.83694e-05
5.22155e-05
-4.2926e-05
-1.10655e-05
-3.22272e-05
-4.0144e-05
-1.75415e-05
-4.44772e-05
-3.238e-05
1.21567e-05
-2.26419e-05
4.20467e-05
-4.51985e-06
1.25915e-05
-1.2591e-05
0
-2.03487e-06
0
-4.05312e-06
5.2355e-05
3.05176e-05
-4.76837e-07
-1.0234e-05
-2.66972e-06
-2.89266e-05
-1.13405e-05
0
-9.17324e-06
-7.62939e-06
-2.12418e-05
9.86864e-06
-1.30302e-05
1.18376e-05
-2.96637e-05
-2.3835e-05
-2.99703e-05
-2.10835e-05
-1.99015e-05
2.10174e-05
-4.05649e-05
9.2397e-05
-4.08746e-05
-4.12066e-05
-2.88625e-05
1.75829e-05
-1.64964e-05
0
-3.18709e-05
0
-2.25023e-05
5.18208e-05
-4.37972e-06
3.91009e-05
-1.28121e-05
-1.91223e-05
-2.24563e-06
0
-4.29153e-06
1.52588e-05
1.52588e-05
-7.15256e-07
0
-2.31072e-06
-2.03319e-05
-1.16703e-05
-1.92025e-05
-8.75459e-06
0
-2.19964e-05
0
-1.36313e-05
0
-2.96433e-05
0
-3.09114e-05
-2.98235e-05
-2.02245e-05
6.61958e-06
-4.45452e-05
3.49481e-05
-4.02162e-05
-3.60264e-05
-3.24976e-05
0
-1.66231e-05
-1.52588e-05
-2.99938e-05
2.49491e-05
-2.38833e-05
2.76419e-05
-4.64302e-06
2.22628e-05
-1.27188e-05
-9.05208e-06
-2.26498e-06
0
-4.05312e-06
3.52495e-05
1.52588e-05
-7.77975e-07
-7.62939e-06
-2.37606e-06
0
-1.10888e-05
0
-8.80734e-06
1.40404e-05
-2.1448e-05
0
-1.36175e-05
0
-3.01149e-05
-1.05966e-05
-2.91065e-05
0
-1.96793e-05
0
-4.49232e-05
3.68015e-05
-3.85682e-05
-1.79234e-05
-3.18694e-05
1.42196e-05
-1.67265e-05
-1.99196e-08
-3.05545e-05
0
-2.34442e-05
7.49667e-05
-4.84659e-06
1.39484e-05
-1.2945e-05
-7.97554e-05
-2.00663e-06
-3.63259e-06
-4.17233e-06
3.8065e-05
0
-4.76837e-07
7.62939e-06
-2.47979e-06
-2.0334e-05
-1.06749e-05
7.62939e-06
-8.98421e-06
1.38172e-05
-2.19803e-05
-7.6295e-06
-1.39913e-05
-1.16575e-05
-3.03537e-05
-1.01245e-05
-2.94618e-05
-1.0082e-05
-1.91358e-05
1.91471e-05
-4.49211e-05
4.56142e-06
-3.76072e-05
1.95561e-05
-3.2621e-05
0
-1.65018e-05
1.52588e-05
-3.00784e-05
-1.41333e-05
-2.4139e-05
5.9183e-05
-4.69386e-06
3.90785e-05
-1.12224e-05
-5.32518e-05
-1.78814e-06
1.99377e-05
-4.52995e-06
0
1.52588e-05
-9.49722e-07
0
-2.01398e-06
-2.03865e-05
-1.09716e-05
0
-9.32385e-06
2.08145e-05
-2.15146e-05
-1.06827e-05
-1.37613e-05
-9.80088e-06
-3.04492e-05
-2.84771e-05
-2.94311e-05
-9.15325e-06
-1.97372e-05
0
-4.68634e-05
-2.03189e-05
-3.82053e-05
1.89532e-05
-3.31386e-05
1.98109e-05
-1.71171e-05
-3.15729e-05
-2.73285e-05
0
-2.51606e-05
7.75131e-05
-5.27842e-06
1.05793e-06
-1.13338e-05
-5.28471e-05
-1.90735e-06
1.38412e-05
-4.29153e-06
2.03004e-05
0
-2.2003e-06
-2.07357e-05
-1.55256e-06
-6.52177e-06
-1.04035e-05
0
-1.01625e-05
0
-2.16839e-05
-2.23382e-05
-1.39574e-05
-2.97962e-05
-2.94857e-05
-7.86217e-06
-2.77232e-05
0
-1.9243e-05
0
-4.48772e-05
1.01406e-06
-4.03382e-05
3.23204e-06
-3.35012e-05
-1.73009e-05
-1.60433e-05
1.52588e-05
-2.68461e-05
1.93133e-05
-2.62625e-05
5.40407e-05
-5.66317e-06
1.95595e-05
-1.04063e-05
-1.52588e-05
-1.90735e-06
0
-4.52995e-06
-1.52588e-05
1.52588e-05
-1.22447e-06
-1.01297e-05
-2.14577e-06
-1.33292e-05
-1.04484e-05
-1.17855e-05
-1.05684e-05
-5.86251e-06
-2.09205e-05
-1.86462e-05
-1.35872e-05
-4.64654e-06
-2.99472e-05
-1.01804e-05
-2.89506e-05
-1.69892e-05
-1.96205e-05
-9.34578e-06
-4.42849e-05
-1.98945e-05
-3.84624e-05
2.0279e-05
-3.24562e-05
1.80107e-05
-1.705e-05
1.45099e-05
-2.71977e-05
-1.87713e-05
-2.72236e-05
2.42239e-05
-6.26067e-06
0
-1.0006e-05
-1.22394e-05
-2.02656e-06
1.99475e-05
-4.29153e-06
2.28233e-06
0
-1.85106e-06
-5.83957e-06
-1.43216e-06
-6.1867e-06
-1.03094e-05
-5.73564e-06
-1.09101e-05
-1.7267e-05
-2.03379e-05
0
-1.37162e-05
-1.30919e-05
-2.92014e-05
-6.32045e-06
-2.82343e-05
0
-1.90464e-05
7.62939e-06
-4.25415e-05
1.21187e-05
-4.12548e-05
4.94241e-06
-3.36082e-05
-1.81767e-05
-1.67075e-05
0
-2.40658e-05
0
-2.62087e-05
2.84849e-05
-6.21909e-06
1.99133e-05
-1.02793e-05
-3.38e-05
-1.8936e-06
0
-4.17233e-06
-3.77578e-05
0
-2.042e-06
-7.62939e-06
-1.90735e-06
-2.06758e-05
-1.0537e-05
-1.78975e-05
-1.01117e-05
0
-2.11647e-05
0
-1.37401e-05
0
-2.9186e-05
-1.52588e-05
-2.8306e-05
7.62939e-06
-1.94062e-05
0
-4.25781e-05
4.19966e-05
-4.05671e-05
2.00361e-05
-3.16936e-05
-1.23196e-05
-1.67929e-05
0
-2.31414e-05
-1.52588e-05
-2.78479e-05
1.83446e-05
-6.75757e-06
0
-9.72545e-06
-3.77054e-05
-1.72426e-06
-1.87823e-05
-3.8147e-06
0
1.52588e-05
-2.21676e-06
-1.52588e-05
-1.66831e-06
0
-9.92547e-06
-7.62939e-06
-1.03326e-05
0
-2.14808e-05
-7.62939e-06
-1.404e-05
0
-2.87384e-05
0
-2.91815e-05
7.62939e-06
-1.94441e-05
0
-4.64143e-05
0
-4.1153e-05
0
-3.09651e-05
-1.52588e-05
-1.71729e-05
0
-2.22566e-05
1.52588e-05
-2.70646e-05
0
-6.60175e-06
1.52588e-05
-9.08034e-06
0
-1.79179e-06
0
-3.69549e-06
1.52588e-05
1.52588e-05
-1.43051e-06
-2.14577e-06
-7.98702e-06
-1.21593e-05
-1.70469e-05
-1.71661e-05
-2.39611e-05
-2.57492e-05
-2.38419e-05
-3.5882e-05
-3.54052e-05
-2.83718e-05
-2.07424e-05
-2.14577e-05
-2.13385e-05
-8.70228e-06
-7.27177e-06
-2.14577e-06
-3.8147e-06
0
0
0
0
0
0
0
0
0
0
0
0
0
0
0
0
0
0
0
0
0
0
0
0
0
0
0
0
0
0
0
0
0
0
0
0
0
0
0
0
0
0
0
0
0
0
0
0
0
0
0
0
0
0
0
0
0
0
0
0
0
0
0
0
0
0
0
0
0
0
0
0
0
0
0
0
0
0
0
0
0
0
0
0
0
0
0
0
0
0
0
0
0
0
0
0
0
0
0
0
0
0
0
0
0
0
0
0
0
0
0
0
0
0
0
0
0
0
0
0
0
0
0
0
0
0
0
0
0
0
0
0
0
0
0
0
0
0
0
0
0
0
0
0
0
0
0
0
0
0
0
0
0
0
0
0
0
0
0
0
0
0
0
0
0
0
0
0
0
0
0
0
0
0
0
0
0
0
0
0
0
0
0
0
0
0
0
0
0
0
0
0
0
0
0
0
0
0
0
0
0
0
0
0
0
0
0
0
0
0
0
0
0
0
0
0
0
0
0
0
0
0
0
0
0
0
0
0
0
0
0
0
0
0
0
0
0
0
0
0
0
0
0
0
0
0
0
0
0
0
0
0
0
0
0
0
0
0
0
0
0
0
0
0
0
0
0
0
0
0
0
0
0
0
0
0
0
0
0
0
0
0
0
0
0
0
0
0
0
0
0
0
0
0
0
0
0
0
0
0
0
0
0
0
0
0
0
0
0
0
0
0
0
0
0
0
0
0
0
0
0
0
0
0
0
0
0
0
0
0
0
0
0
0
0
0
0
0
0
0
0
0
0
0
0
0
0
0
0
0
0
0
0
0
0
0
0
0
0
0
0
0
0
0
0
0
0
0
0
0
0
0
0
0
0
0
0
0
0
0
0
0
0
0
0
0
0
0
0
0
0
0
0
0
0
0
0
0
0
0
0
0
0
0
0
0
0
0
0
0
0
0
0
0
0
0
0
0
0
0
0
0
0
0
0
0
0
0
0
0
0
0
0
0
0
0
0
0
0
0
0
0
0
0
0
0
0
0
0
0
0
0
0
0
0
0
0
0
0
0
0
0
0
0
0
0
0
0
0
0
0
0
0
0
0
0
0
0
0
0
0
0
0
0
0
0
0
0
0
0
0
0
0
0
0
0
0
0
0
0
0
0
0
0
0
0
0
0
0
0
0
0
0
0
0
0
0
0
0
0
0
0
0
0
0
0
0
0
0
0
0
0
0
0
0
0
0
0
0
0
0
0
0
0
0
0
0
0
0
0
0
0
0
0
0
0
0
0
0
0
0
0
0
0
0
0
0
0
0
0
0
0
0
0
0
0
0
0
0
0
0
0
0
0
0
0
0
0
0
0
0
0
0
0
0
0
0
0
0
0
0
0
0
0
0
0
0
0
0
0
0
0
0
0
0
0
0
0
0
0
0
0
0
0
0
0
0
0
0
0
0
0
0
0
0
0
0
0
0
0
0
0
0
0
0
0
0
0
0
0
0
0
0
0
0
0
0
0
0
0
0
0
0
0
0
0
0
0
0
0
0
0
0
0
0
0
0
0
0
0
0
0
0
0
0
0
0
0
0
0
0
0
0
0
0
0
0
0
0
0
0
0
0
0
0
0
0
0
0
0
0
0
0
0
0
0
0
0
0
0
0
0
0
0
0
0
0
0
0
0
0
0
0
0
0
0
0
0
0
0
0
0
0
0
0
0
0
0
0
0
0
0
0
0
0
0
0
0
0
0
0
0
0
0
0
0
0
0
0
0
0
0
0
0
0
0
0
0
0
0
0
0
0
0
0
0
0
0
0
0
0
0
0
0
0
0
0
0
0
0
0
0
0
0
0
0
0
0
0
0
0
0
0
0
0
0
0
0
0
0
0
0
0
0
0
0
0
0
0
0
0
0
0
0
0
0
0
0
0
0
0
0
0
0
0
0
0
0
0
0
0
0
0
0
0
0
0
0
0
0
0
0
0
0
0
0
0
0
0
0
0
0
0
0
0
0
0
0
0
0
0
0
0
0
0
0
0
0
0
0
0
0
0
0
0
0
0
0
0
0
0
0
0
0
0
0
0
0
0
0
0
0
0
0
0
0
0
0
0
0
0
0
0
0
0
0
0
0
0
0
0
0
0
0
0
0
0
0
0
0
0
0
0
0
0
0
0
0
0
0
0
0
0
0
0
0
0
0
0
0
0
0
0
0
0
0
0
0
0
0
0
0
0
0
0
0
0
0
0
0
0
0
0
0
0
0
0
0
0
0
0
0
0
0
0
0
0
0
0
0
0
0
0
0
0
0
0
0
0
0
0
0
0
0
0
0
0
0
0
0
0
0
0
0
0
0
0
0
0
0
0
0
0
0
0
0
0
0
0
0
0
0
0
0
0
0
0
0
0
0
0
0
0
0
0
0
0
0
0
0
0
0
0
0
0
0
0
0
0
0
0
0
0
0
0
0
0
0
0
0
0
0
0
0
0
0
0
0
0
0
0
0
0
0
0
0
0
0
0
0
0
0
0
0
0
0
0
0
0
0
0
0
0
0
0
0
0
0
0
0
0
0
0
0
0
0
0
0
0
0
0
0
0
0
0
0
0
0
0
0
0
0
0
0
0
0
0
0
0
0
0
0
0
0
0
0
0
0
0
0
0
0
0
0
0
0
0
0
0
0
0
0
0
0
0
0
0
0
0
0
0
0
0
0
0
0
0
0
0
0
0
0
0
0
0
0
0
0
0
0
0
0
0
0
0
0
0
0
0
0
0
0
0
0
0
0
0
0
0
0
0
0
0
0
0
0
0
0
0
0
0
0
0
0
0
0
0
0
0
0
0
0
0
0
0
0
0
0
0
0
0
0
0
0
0
0
0
0
0
0
0
0
0
0
0
0
0
0
0
0
0
0
0
0
0
0
0
0
0
0
0
0
0
0
0
0
0
0
0
0
0
0
0
0
0
0
0
0
0
0
0
0
0
0
0
0
0
0
0
0
0
0
0
0
0
0
0
0
0
0
0
0
0
0
0
0
0
0
0
0
0
0
0
0
0
0
0
0
0
0
0
0
0
0
0
0
0
0
0
0
0
0
0
0
0
0
0
0
0
0
0
0
0
0
0
0
0
0
0
0
0
0
0
0
0
0
0
0
0
0
0
0
0
0
0
0
0
0
0
0
0
0
0
0
0
0
0
0
0
0
0
0
0
0
0
0
0
0
0
0
0
0
0
0
0
0
0
0
0
0
0
0
0
0
0
0
0
0
0
0
0
0
0
0
0
0
0
0
0
0
0
0
0
0
0
0
0
0
0
0
0
0
0
0
0
0
0
0
0
0
0
0
0
0
0
0
0
0
0
0
0
0
0
0
0
0
0
0
0
0
0
0
0
0
0
0
0
0
0
0
0
0
0
0
0
0
0
0
0
0
0
0
0
0
0
0
0
0
0
0
0
0
0
0
0
0
0
0
0
0
0
0
0
0
0
0
0
0
0
0
0
0
0
0
0
0
0
0
0
0
0
0
0
0
0
0
0
0
0
0
0
0
0
0
0
0
0
0
0
0
0
0
0
0
0
0
0
0
0
0
0
0
0
0
0
0
0
0
0
0
0
0
0
0
0
0
0
0
0
0
0
0
0
0
0
0
0
0
0
0
0
0
0
0
0
0
0
0
0
0
0
0
0
0
0
0
0
0
0
0
0
0
0
0
0
0
0
0
0
0
0
0
0
0
0
0
0
0
0
0
0
0
0
0
0
0
0
0
0
0
0
0
0
0
0
0
0
0
0
0
0
0
0
0
0
0
0
0
0
0
0
0
0
0
0
0
0
0
0
0
0
0
0
0
0
0
0
0
0
0
0
0
0
0
0
0
0
0
0
0
0
0
0
0
0
0
0
0
0
0
0
0
0
0
0
0
0
0
0
0
0
0
0
0
0
0
0
0
0
0
0
0
0
0
0
0
0
0
0
0
0
0
0
0
0
0
0
0
0
0
0
0
0
0
0
0
0
0
0
0
0
0
0
0
0
0
0
0
0
0
0
0
0
0
0
0
0
0
0
0
0
0
0
0
0
0
0
0
0
0
0
0
0
0
0
0
0
0
0
0
0
0
0
0
0
0
0
0
0
0
0
0
0
0
0
0
0
0
0
0
0
0
0
0
0
0
0
0
0
0
0
0
0
0
0
0
0
0
0
0
0
0
0
0
0
0
0
0
0
0
0
0
0
0
0
0
0
0
0
0
0
0
0
0
0
0
0
0
0
0
0
0
0
0
0
0
0
0
0
0
0
0
0
0
0
0
0
0
0
0
0
0
0
0
0
0
0
0
0
0
0
0
0
0
0
0
0
0
0
0
0
0
0
0
0
0
0
0
0
0
0
0
0
0
0
0
0
0
0
0
0
0
0
0
0
0
0
0
0
0
0
0
0
0
0
0
0
0
0
0
0
0
0
0
0
0
0
0
0
0
0
0
0
0
0
0
0
0
0
0
0
0
0
0
0
0
0
0
0
0
0
0
0
0
0
0
0
0
0
0
0
0
0
0
0
0
0
0
0
0
0
0
0
0
0
0
0
0
0
0
0
0
0
0
0
0
0
0
0
0
0
0
0
0
0
0
0
0
0
0
0
0
0
0
0
0
0
0
0
0
0
0
0
0
0
0
0
0
0
0
0
0
0
0
0
0
0
0
0
0
0
0
0
0
0
0
0
0
0
0
0
0
0
0
0
0
0
0
0
0
0
0
0
0
0
0
0
0
0
0
0
0
0
0
0
0
0
0
0
0
0
0
0
0
0
0
0
0
0
0
0
0
0
0
0
0
0
0
0
0
0
0
0
0
0
0
0
0
0
0
0
0
0
0
0
0
0
0
0
0
0
0
0
0
0
0
0
0
0
0
0
0
0
0
0
0
0
0
0
0
0
0
0
0
0
0
0
0
0
0
0
0
0
0
0
0
0
0
0
0
0
0
0
0
0
0
0
0
0
0
0
0
0
0
0
0
0
0
0
0
0
0
0
0
0
0
0
0
0
0
0
0
0
0
0
0
0
0
0
0
0
0
0
0
0
0
0
0
0
0
0
0
0
0
0
0
0
0
0
0
0
0
0
0
0
0
0
0
0
0
0
0
0
0
0
0
0
0
0
0
0
0
0
0
0
0
0
0
0
0
0
0
0
0
0
0
0
0
0
0
0
0
0
0
0
0
0
0
0
0
0
0
0
0
0
0
0
0
0
0
0
0
0
0
0
0
0
0
0
0
0
0
0
0
0
0
0
0
0
0
0
0
0
0
0
0
0
0
0
0
0
0
0
0
0
0
0
0
0
0
0
0
0
0
0
0
0
0
0
0
0
0
0
0
0
0
0
0
0
0
0
0
0
0
0
0
0
0
0
0
0
0
0
0
0
0
0
0
0
0
0
0
0
0
0
0
0
0
0
0
0
0
0
0
0
0
0
0
0
0
0
0
0
0
0
0
0
0
0
0
0
0
0
0
0
0
0
0
0
0
0
0
0
0
0
0
0
0
0
0
0
0
0
0
0
0
0
0
0
0
0
0
0
0
0
0
0
0
0
0
0
0
0
0
0
0
0
0
0
0
0
0
0
0
0
0
0
0
0
0
0
0
0
0
0
0
0
0
0
0
0
0
0
0
0
0
0
0
0
0
0
0
0
0
0
0
0
0
0
0
0
0
0
0
0
0
0
0
0
0
0
0
0
0
0
0
0
0
0
0
0
0
0
0
0
0
0
0
0
0
0
0
0
0
0
0
0
0
0
0
0
0
0
0
0
0
0
0
0
0
0
0
0
0
0
0
0
0
0
0
0
0
0
0
0
0
0
0
0
0
0
0
0
0
0
0
0
0
0
0
0
0
0
0
0
0
0
0
0
0
0
0
0
0
0
0
0
0
0
0
0
0
0
0
0
0
0
0
0
0
0
0
0
0
0
0
0
0
0
0
0
0
0
0
0
0
0
0
0
0
0
0
0
0
0
0
0
0
0
0
0
0
0
0
0
0
0
0
0
0
0
0
0
0
0
0
0
0
0
0
0
0
0
0
0
0
0
0
0
0
0
0
0
0
0
0
0
0
0
0
0
0
0
0
0
0
0
0
0
0
0
0
0
0
0
0
0
0
0
0
0
0
0
0
0
0
0
0
0
0
0
0
0
0
0
0
0
0
0
0
0
0
0
0
0
0
0
0
0
0
0
0
0
0
0
0
0
0
0
0
0
0
0
0
0
0
0
0
0
0
0
0
0
0
0
0
0
0
0
0
0
0
0
0
0
0
0
0
0
0
0
0
0
0
0
0
0
0
0
0
0
0
0
0
0
0
0
0
0
0
0
0
0
0
0
0
0
0
0
0
0
0
0
0
0
0
0
0
0
0
0
0
0
0
0
0
0
0
0
0
0
0
0
0
0
0
0
0
0
0
0
0
0
0
0
0
0
0
0
0
0
0
0
0
0
0
0
0
0
0
0
0
0
0
0
0
0
0
0
0
0
0
0
0
0
0
0
0
0
0
0
0
0
0
0
0
0
0
0
0
0
0
0
0
0
0
0
0
0
0
0
0
0
0
0
0
0
0
0
0
0
0
0
0
0
0
0
0
0
0
0
0
0
0
0
0
0
0
0
0
0
0
0
0
0
0
0
0
0
0
0
0
0
0
0
0
0
0
0
0
0
0
0
0
0
0
0
0
0
0
0
0
0
0
0
0
0
0
0
0
0
0
0
0
0
0
0
0
0
0
0
0
0
0
0
0
0
0
0
0
0
0
0
0
0
0
0
0
0
0
0
0
0
0
0
0
0
0
0
0
0
0
0
0
0
0
0
0
0
0
0
0
0
0
0
0
0
0
0
0
0
0
0
0
0
0
0
0
0
0
0
0
0
0
0
0
0
0
0
0
0
0
0
0
0
0
0
0
0
0
0
0
0
0
0
0
0
0
0
0
0
0
0
0
0
0
0
0
0
0
0
0
0
0
0
0
0
0
0
0
0
0
0
0
0
0
0
0
0
0
0
0
0
0
0
0
0
0
0
0
0
0
0
0
0
0
0
0
0
0
0
0
0
0
0
0
0
0
0
0
0
0
0
0
0
0
0
0
0
0
0
0
0
0
0
0
0
0
0
0
0
0
0
0
0
0
0
0
0
0
0
0
0
0
0
0
0
0
0
0
0
0
0
0
0
0
0
0
0
0
0
0
0
0
0
0
0
0
0
0
0
0
0
0
0
0
0
0
0
0
0
0
0
0
0
0
0
0
0
0
0
0
0
0
0
0
0
0
0
0
0
0
0
0
0
0
0
0
0
0
0
0
0
0
0
0
0
0
0
0
0
0
0
0
0
0
0
0
0
0
0
0
0
0
0
0
0
0
0
0
0
0
0
0
0
0
0
0
0
0
0
0
0
0
0
0
0
0
0
0
0
0
0
0
0
0
0
0
0
0
0
0
0
0
0
0
0
0
0
0
0
0
0
0
0
0
0
0
0
0
0
0
0
0
0
0
0
0
0
0
0
0
0
0
0
0
0
0
0
0
0
0
0
0
0
0
0
0
0
0
0
0
0
0
0
0
0
0
0
0
0
0
0
0
0
0
0
0
0
0
0
0
0
0
0
0
0
0
0
0
0
0
0
0
0
0
0
0
0
0
0
0
0
0
0
0
0
0
0
0
0
0
0
0
0
0
0
0
0
0
0
0
0
0
0
0
0
0
0
0
0
0
0
0
0
0
0
0
0
0
0
0
0
0
0
0
0
0
0
0
0
0
0
0
0
0
0
0
0
0
0
0
0
0
0
0
0
0
0
0
0
0
0
0
0
0
0
0
0
0
0
0
0
0
0
0
0
0
0
0
0
0
0
0
0
0
0
0
0
0
0
0
0
0
0
0
0
0
0
0
0
0
0
0
0
0
0
0
0
0
0
0
0
0
0
0
0
0
0
0
0
0
0
0
0
0
0
0
0
0
0
0
0
0
0
0
0
0
0
0
0
0
0
0
0
0
0
0
0
0
0
0
0
0
0
0
0
0
0
0
0
0
0
0
0
0
0
0
0
0
0
0
0
0
0
0
0
0
0
0
0
0
0
0
0
0
0
0
0
0
0
0
0
0
0
0
0
0
0
0
0
0
0
0
0
0
0
0
0
0
0
0
0
0
0
0
0
0
0
0
0
0
0
0
0
0
0
0
0
0
0
0
0
0
0
0
0
0
0
0
0
0
0
0
0
0
0
0
0
0
0
0
0
0
0
0
0
0
0
0
0
0
0
0
0
0
0
0
0
0
0
0
0
0
0
0
0
0
0
0
0
0
0
0
0
0
0
0
0
0
0
0
0
0
0
0
0
0
0
0
0
0
0
0
0
0
0
0
0
0
0
0
0
0
0
0
0
0
0
0
0
0
0
0
0
0
0
0
0
0
0
0
0
0
0
0
0
0
0
0
0
0
0
0
0
0
0
0
0
0
0
0
0
0
0
0
0
0
0
0
0
0
0
0
0
0
0
0
0
0
0
0
0
0
0
0
0
0
0
0
0
0
0
0
0
0
0
0
0
0
0
0
0
0
0
0
0
0
0
0
0
0
0
0
0
0
0
0
0
0
0
0
0
0
0
0
0
0
0
0
)
;

boundaryField
{
    inlet
    {
        type            calculated;
        value           nonuniform List<scalar> 
20
(
-7.42428e-06
-7.42428e-06
-7.42428e-06
-7.42428e-06
-7.42428e-06
-7.42428e-06
-7.42428e-06
-7.42428e-06
-7.42428e-06
-7.42428e-06
-7.42428e-06
-7.42428e-06
-7.42428e-06
-7.42428e-06
-7.42428e-06
-7.42428e-06
-7.42428e-06
-7.42428e-06
-7.42428e-06
-7.42428e-06
)
;
    }
    outlet
    {
        type            calculated;
        value           uniform 0;
    }
    frontAndBack
    {
        type            empty;
    }
    topAndBottom
    {
        type            calculated;
        value           uniform 0;
    }
    defaultFaces
    {
        type            empty;
    }
}


// ************************************************************************* //
