/*--------------------------------*- C++ -*----------------------------------*\
  =========                 |
  \\      /  F ield         | OpenFOAM: The Open Source CFD Toolbox
   \\    /   O peration     | Website:  https://openfoam.org
    \\  /    A nd           | Version:  11
     \\/     M anipulation  |
\*---------------------------------------------------------------------------*/
FoamFile
{
    format      ascii;
    class       surfaceScalarField;
    location    "2";
    object      phi;
}
// * * * * * * * * * * * * * * * * * * * * * * * * * * * * * * * * * * * * * //

dimensions      [0 3 -1 0 0 0 0];

internalField   nonuniform List<scalar> 
5320
(
0
0
0
0
0
0
0
0
0
0
0
0
0
0
0
0
0
0
0
0
0
0
0
0
0
0
0
0
0
0
0
0
0
0
0
0
0
0
0
0
0
0
0
0
0
0
0
0
0
0
0
0
0
0
0
0
0
0
0
0
0
0
0
0
0
0
0
0
0
0
0
0
0
0
0
0
0
0
0
0
0
0
0
0
0
0
0
0
0
0
0
0
0
0
0
0
0
0
0
0
0
0
0
0
0
0
0
0
0
0
0
0
0
0
0
0
0
0
0
0
0
0
0
0
0
0
0
0
0
0
0
0
0
0
0
0
0
0
0
0
0
0
0
0
0
0
0
0
0
0
0
0
0
0
0
0
0
0
0
0
0
0
0
0
0
0
0
0
0
0
0
0
0
0
0
0
0
0
0
0
0
0
0
0
0
0
0
0
0
0
0
0
0
0
0
0
0
0
0
0
0
0
0
0
0
0
0
0
0
0
0
0
0
0
0
0
0
0
0
0
0
0
0
0
0
0
0
0
0
0
0
0
0
0
0
0
0
0
0
0
0
0
0
0
0
0
0
0
0
0
0
0
0
0
0
0
0
0
0
0
0
0
0
0
0
0
0
0
0
0
0
0
0
0
0
0
0
0
0
0
0
0
0
0
0
0
0
0
0
0
0
0
0
0
0
0
0
0
0
0
0
0
0
0
0
0
0
0
0
0
0
0
0
0
0
0
0
0
0
0
0
0
0
0
0
0
0
0
0
0
0
0
0
0
0
0
0
0
0
0
0
0
0
0
0
0
0
0
0
0
0
0
0
0
0
0
0
0
0
0
0
0
0
0
0
0
0
0
0
0
0
0
0
0
0
0
0
0
0
0
0
0
0
0
0
0
0
0
0
0
0
0
0
0
0
0
0
0
0
0
0
0
0
0
0
0
0
0
0
0
0
0
0
0
0
0
0
0
0
0
0
0
0
0
0
0
0
0
0
0
0
0
0
0
0
0
0
0
0
0
0
0
0
0
0
0
0
0
0
0
0
0
0
0
0
0
0
0
0
0
0
0
0
0
0
0
0
0
0
0
0
0
0
0
0
0
0
0
0
0
0
0
0
0
0
0
0
0
0
0
0
0
0
0
0
0
0
0
0
0
0
0
0
0
0
0
0
0
0
0
0
0
0
0
0
0
0
0
0
0
0
0
0
0
0
0
0
0
0
0
0
0
0
0
0
0
0
0
0
0
0
0
0
0
0
0
0
0
0
0
0
0
0
0
0
0
0
0
0
0
0
0
0
0
0
0
0
0
0
0
0
0
0
0
0
0
0
0
0
0
0
0
0
0
0
0
0
0
0
0
0
0
0
0
0
0
0
0
0
0
0
0
0
0
0
0
0
0
0
0
0
0
0
0
0
0
0
0
0
0
0
0
0
0
0
0
0
0
0
0
0
0
0
0
0
0
0
0
0
0
0
0
0
0
0
0
0
0
0
0
0
0
0
0
0
0
0
0
0
0
0
0
0
0
0
0
0
0
0
0
0
0
0
0
0
0
0
0
0
0
0
0
0
0
0
0
0
0
0
0
0
0
0
0
0
0
0
0
0
0
0
0
0
0
0
0
0
0
0
0
0
0
0
0
0
0
0
0
0
0
0
0
0
0
0
0
0
0
0
0
0
0
0
0
0
0
0
0
0
0
0
0
0
0
0
0
0
0
0
0
0
0
0
0
0
0
0
0
0
0
3.09944e-06
7.62939e-06
-6.4373e-06
7.62939e-06
-7.15256e-06
7.62939e-06
-8.9407e-06
7.62939e-06
-1.83582e-05
0
-1.74046e-05
-7.62939e-06
-2.44379e-05
0
-2.7895e-05
7.62939e-06
-2.72989e-05
7.62939e-06
-2.96831e-05
1.52588e-05
-3.49283e-05
1.52588e-05
-2.89679e-05
-1.52588e-05
-2.34842e-05
1.52588e-05
-2.63453e-05
0
-1.63317e-05
0
-4.64916e-06
-1.52588e-05
-1.16825e-05
0
-4.17233e-06
0
-2.38419e-06
1.52588e-05
0
2.86102e-06
0
-6.4373e-06
-7.62939e-06
-7.15256e-06
0
-9.05991e-06
0
-1.84774e-05
-1.52588e-05
-1.72853e-05
-7.62939e-06
-2.40803e-05
0
-2.77758e-05
2.28882e-05
-2.71797e-05
-7.62939e-06
-2.95639e-05
0
-3.51667e-05
0
-2.86102e-05
-3.05176e-05
-2.34842e-05
-1.52588e-05
-2.6226e-05
1.52588e-05
-1.63317e-05
0
-4.52995e-06
-1.52588e-05
-1.14441e-05
0
-4.05312e-06
0
-2.5034e-06
4.57764e-05
0
3.09944e-06
7.62939e-06
-6.4373e-06
-2.28882e-05
-7.15256e-06
7.62939e-06
-9.17912e-06
-2.28882e-05
-1.84774e-05
-3.05176e-05
-1.71661e-05
-7.62939e-06
-2.38419e-05
0
-2.82526e-05
0
-2.68221e-05
-1.52588e-05
-2.96831e-05
-1.52588e-05
-3.54052e-05
0
-2.8491e-05
-1.52588e-05
-2.32458e-05
0
-2.63453e-05
3.05176e-05
-1.64509e-05
1.52588e-05
-4.41074e-06
-1.52588e-05
-1.15633e-05
0
-3.57628e-06
3.05176e-05
-2.74181e-06
4.57764e-05
1.52588e-05
2.14577e-06
2.28882e-05
-5.72205e-06
-1.52588e-05
-7.62939e-06
7.62939e-06
-9.29832e-06
0
-1.81198e-05
-1.52588e-05
-1.69277e-05
0
-2.38419e-05
0
-2.8491e-05
7.62939e-06
-2.70605e-05
0
-2.94447e-05
0
-3.55244e-05
-3.05176e-05
-2.82526e-05
-1.52588e-05
-2.30074e-05
-4.57764e-05
-2.64645e-05
0
-1.66893e-05
1.52588e-05
-4.29153e-06
-1.52588e-05
-1.13249e-05
0
-3.45707e-06
3.05176e-05
-3.09944e-06
4.57764e-05
3.05176e-05
1.43051e-06
7.62939e-06
-5.24521e-06
-2.28882e-05
-7.86781e-06
1.52588e-05
-9.77516e-06
-7.62939e-06
-1.78814e-05
-3.8147e-05
-1.70469e-05
-3.05176e-05
-2.37226e-05
-7.62939e-06
-2.86102e-05
0
-2.71797e-05
0
-2.95639e-05
1.52588e-05
-3.55244e-05
-1.52588e-05
-2.8491e-05
-1.52588e-05
-2.2769e-05
-1.52588e-05
-2.6226e-05
0
-1.70469e-05
3.05176e-05
-4.05312e-06
-1.52588e-05
-1.09673e-05
-1.52588e-05
-3.45707e-06
1.52588e-05
-3.09944e-06
6.10352e-05
3.05176e-05
7.15256e-07
1.52588e-05
-4.52995e-06
0
-8.34465e-06
7.62939e-06
-1.01328e-05
-1.52588e-05
-1.77622e-05
-2.28882e-05
-1.65701e-05
-2.28882e-05
-2.36034e-05
0
-2.8491e-05
-2.28882e-05
-2.69413e-05
7.62939e-06
-3.016e-05
3.05176e-05
-3.54052e-05
-1.52588e-05
-2.8491e-05
-3.05176e-05
-2.25306e-05
-1.52588e-05
-2.59876e-05
0
-1.74046e-05
3.05176e-05
-4.05312e-06
0
-1.07288e-05
-4.57764e-05
-3.09944e-06
4.57764e-05
-3.57628e-06
4.57764e-05
1.52588e-05
7.15256e-07
1.52588e-05
-4.29153e-06
-1.52588e-05
-8.82149e-06
1.52588e-05
-1.0252e-05
-7.62939e-06
-1.7643e-05
-3.05176e-05
-1.63317e-05
-2.28882e-05
-2.38419e-05
0
-2.81334e-05
-7.62939e-06
-2.65837e-05
2.28882e-05
-3.06368e-05
4.57764e-05
-3.56436e-05
-1.52588e-05
-2.82526e-05
0
-2.22921e-05
-3.05176e-05
-2.58684e-05
1.52588e-05
-1.7643e-05
4.57764e-05
-4.41074e-06
0
-1.00136e-05
-3.05176e-05
-2.98023e-06
1.52588e-05
-3.69549e-06
1.52588e-05
0
0
7.62939e-06
-3.57628e-06
0
-9.29832e-06
7.62939e-06
-1.04904e-05
7.62939e-06
-1.75238e-05
-2.28882e-05
-1.60933e-05
0
-2.39611e-05
-7.62939e-06
-2.77758e-05
-2.28882e-05
-2.6226e-05
1.52588e-05
-3.15905e-05
6.10352e-05
-3.54052e-05
-3.05176e-05
-2.8491e-05
0
-2.18153e-05
-3.05176e-05
-2.563e-05
1.52588e-05
-1.8239e-05
4.57764e-05
-4.64916e-06
1.52588e-05
-9.77516e-06
-1.52588e-05
-2.98023e-06
0
-3.8147e-06
3.05176e-05
1.52588e-05
0
0
-3.33786e-06
-7.62939e-06
-9.29832e-06
-7.62939e-06
-1.09673e-05
7.62939e-06
-1.71661e-05
0
-1.62125e-05
0
-2.40803e-05
-7.62939e-06
-2.72989e-05
-3.05176e-05
-2.563e-05
0
-3.27826e-05
4.57764e-05
-3.50475e-05
-3.05176e-05
-2.87294e-05
-3.05176e-05
-2.12193e-05
-3.05176e-05
-2.53916e-05
1.52588e-05
-1.85966e-05
4.57764e-05
-5.00679e-06
1.52588e-05
-9.53674e-06
0
-2.74181e-06
0
-4.05312e-06
3.05176e-05
3.05176e-05
-2.38419e-07
-7.62939e-06
-3.33786e-06
-1.52588e-05
-8.9407e-06
0
-1.10865e-05
-7.62939e-06
-1.71661e-05
7.62939e-06
-1.63317e-05
7.62939e-06
-2.44379e-05
-2.28882e-05
-2.68221e-05
-2.28882e-05
-2.47955e-05
1.52588e-05
-3.37362e-05
6.10352e-05
-3.51667e-05
-3.05176e-05
-2.87294e-05
0
-2.08616e-05
0
-2.5034e-05
0
-1.89543e-05
6.10352e-05
-5.00679e-06
1.52588e-05
-9.65595e-06
-1.52588e-05
-2.38419e-06
0
-4.05312e-06
1.52588e-05
1.52588e-05
-4.76837e-07
0
-2.86102e-06
-1.52588e-05
-9.05991e-06
-2.28882e-05
-1.0848e-05
0
-1.72853e-05
0
-1.68085e-05
0
-2.45571e-05
0
-2.63453e-05
-2.28882e-05
-2.43187e-05
7.62939e-06
-3.50475e-05
3.05176e-05
-3.46899e-05
-3.05176e-05
-2.88486e-05
0
-2.07424e-05
0
-2.46763e-05
1.52588e-05
-1.90735e-05
4.57764e-05
-5.36442e-06
3.05176e-05
-9.41753e-06
-3.05176e-05
-2.26498e-06
0
-4.05312e-06
3.05176e-05
1.52588e-05
-7.15256e-07
-7.62939e-06
-3.09944e-06
0
-8.82149e-06
0
-1.0848e-05
7.62939e-06
-1.71661e-05
0
-1.66893e-05
0
-2.47955e-05
-7.62939e-06
-2.58684e-05
0
-2.39611e-05
0
-3.56436e-05
1.52588e-05
-3.43323e-05
-1.52588e-05
-2.89679e-05
1.52588e-05
-2.0504e-05
1.52588e-05
-2.44379e-05
0
-1.91927e-05
6.10352e-05
-5.84126e-06
1.52588e-05
-9.29832e-06
-4.57764e-05
-2.14577e-06
-1.52588e-05
-4.17233e-06
3.05176e-05
0
-7.15256e-07
7.62939e-06
-2.86102e-06
-2.28882e-05
-8.58307e-06
7.62939e-06
-1.09673e-05
7.62939e-06
-1.72853e-05
-7.62939e-06
-1.69277e-05
-7.62939e-06
-2.46763e-05
-7.62939e-06
-2.57492e-05
-7.62939e-06
-2.37226e-05
7.62939e-06
-3.61204e-05
1.52588e-05
-3.42131e-05
1.52588e-05
-2.89679e-05
0
-2.0504e-05
0
-2.39611e-05
-1.52588e-05
-1.97887e-05
6.10352e-05
-6.31809e-06
1.52588e-05
-8.9407e-06
-4.57764e-05
-1.78814e-06
1.52588e-05
-4.41074e-06
0
1.52588e-05
-1.19209e-06
0
-2.38419e-06
-1.52588e-05
-8.58307e-06
0
-1.13249e-05
1.52588e-05
-1.72853e-05
-1.52588e-05
-1.70469e-05
-7.62939e-06
-2.45571e-05
-1.52588e-05
-2.55108e-05
-7.62939e-06
-2.37226e-05
0
-3.60012e-05
0
-3.43323e-05
1.52588e-05
-2.88486e-05
1.52588e-05
-2.07424e-05
-1.52588e-05
-2.31266e-05
0
-2.00272e-05
6.10352e-05
-6.91414e-06
1.52588e-05
-8.58307e-06
-4.57764e-05
-1.90735e-06
1.52588e-05
-4.29153e-06
1.52588e-05
0
-1.66893e-06
-1.52588e-05
-2.14577e-06
-7.62939e-06
-8.22544e-06
0
-1.18017e-05
0
-1.72853e-05
-2.28882e-05
-1.71661e-05
-2.28882e-05
-2.45571e-05
-1.52588e-05
-2.53916e-05
0
-2.38419e-05
0
-3.56436e-05
0
-3.42131e-05
1.52588e-05
-2.94447e-05
-1.52588e-05
-2.0504e-05
1.52588e-05
-2.25306e-05
1.52588e-05
-2.0504e-05
4.57764e-05
-7.39098e-06
1.52588e-05
-8.10623e-06
-3.05176e-05
-1.90735e-06
0
-4.41074e-06
-1.52588e-05
1.52588e-05
-1.19209e-06
-7.62939e-06
-2.14577e-06
-1.52588e-05
-8.22544e-06
-7.62939e-06
-1.20401e-05
-7.62939e-06
-1.72853e-05
-1.52588e-05
-1.69277e-05
-1.52588e-05
-2.43187e-05
-7.62939e-06
-2.53916e-05
-7.62939e-06
-2.40803e-05
-7.62939e-06
-3.54052e-05
-1.52588e-05
-3.45707e-05
1.52588e-05
-2.90871e-05
1.52588e-05
-2.06232e-05
1.52588e-05
-2.21729e-05
-1.52588e-05
-2.08616e-05
4.57764e-05
-7.7486e-06
0
-7.86781e-06
-1.52588e-05
-1.90735e-06
1.52588e-05
-4.17233e-06
-1.52588e-05
0
-1.66893e-06
-7.62939e-06
-1.90735e-06
-7.62939e-06
-8.22544e-06
-7.62939e-06
-1.21593e-05
-1.52588e-05
-1.71661e-05
0
-1.69277e-05
-7.62939e-06
-2.43187e-05
-7.62939e-06
-2.53916e-05
0
-2.39611e-05
7.62939e-06
-3.50475e-05
1.52588e-05
-3.46899e-05
0
-2.92063e-05
-1.52588e-05
-2.07424e-05
0
-2.16961e-05
0
-2.12193e-05
1.52588e-05
-7.7486e-06
3.05176e-05
-7.7486e-06
-3.05176e-05
-2.14577e-06
0
-4.05312e-06
-3.05176e-05
0
-1.43051e-06
-7.62939e-06
-1.66893e-06
-1.52588e-05
-8.46386e-06
-1.52588e-05
-1.19209e-05
0
-1.71661e-05
0
-1.69277e-05
0
-2.41995e-05
-7.62939e-06
-2.52724e-05
7.62939e-06
-2.39611e-05
0
-3.50475e-05
3.05176e-05
-3.49283e-05
0
-2.89679e-05
-1.52588e-05
-2.07424e-05
0
-2.14577e-05
-1.52588e-05
-2.12193e-05
0
-8.22544e-06
0
-7.51019e-06
-1.52588e-05
-2.38419e-06
-1.52588e-05
-3.8147e-06
0
1.52588e-05
-1.66893e-06
-1.52588e-05
-1.66893e-06
0
-8.22544e-06
-1.52588e-05
-1.19209e-05
0
-1.72853e-05
-7.62939e-06
-1.70469e-05
0
-2.38419e-05
0
-2.53916e-05
7.62939e-06
-2.36034e-05
0
-3.52859e-05
0
-3.51667e-05
0
-2.89679e-05
-1.52588e-05
-2.08616e-05
0
-2.12193e-05
0
-2.13385e-05
0
-8.58307e-06
1.52588e-05
-7.27177e-06
0
-2.26498e-06
0
-3.8147e-06
1.52588e-05
1.52588e-05
-1.43051e-06
-1.90735e-06
-8.10623e-06
-1.21593e-05
-1.71661e-05
-1.71661e-05
-2.37226e-05
-2.563e-05
-2.37226e-05
-3.51667e-05
-3.55244e-05
-2.88486e-05
-2.08616e-05
-2.14577e-05
-2.13385e-05
-8.70228e-06
-7.39098e-06
-2.14577e-06
-3.8147e-06
0
0
0
0
0
0
0
0
0
0
0
0
0
0
0
0
0
0
0
0
0
0
0
0
0
0
0
0
0
0
0
0
0
0
0
0
0
0
0
0
0
0
0
0
0
0
0
0
0
0
0
0
0
0
0
0
0
0
0
0
0
0
0
0
0
0
0
0
0
0
0
0
0
0
0
0
0
0
0
0
0
0
0
0
0
0
0
0
0
0
0
0
0
0
0
0
0
0
0
0
0
0
0
0
0
0
0
0
0
0
0
0
0
0
0
0
0
0
0
0
0
0
0
0
0
0
0
0
0
0
0
0
0
0
0
0
0
0
0
0
0
0
0
0
0
0
0
0
0
0
0
0
0
0
0
0
0
0
0
0
0
0
0
0
0
0
0
0
0
0
0
0
0
0
0
0
0
0
0
0
0
0
0
0
0
0
0
0
0
0
0
0
0
0
0
0
0
0
0
0
0
0
0
0
0
0
0
0
0
0
0
0
0
0
0
0
0
0
0
0
0
0
0
0
0
0
0
0
0
0
0
0
0
0
0
0
0
0
0
0
0
0
0
0
0
0
0
0
0
0
0
0
0
0
0
0
0
0
0
0
0
0
0
0
0
0
0
0
0
0
0
0
0
0
0
0
0
0
0
0
0
0
0
0
0
0
0
0
0
0
0
0
0
0
0
0
0
0
0
0
0
0
0
0
0
0
0
0
0
0
0
0
0
0
0
0
0
0
0
0
0
0
0
0
0
0
0
0
0
0
0
0
0
0
0
0
0
0
0
0
0
0
0
0
0
0
0
0
0
0
0
0
0
0
0
0
0
0
0
0
0
0
0
0
0
0
0
0
0
0
0
0
0
0
0
0
0
0
0
0
0
0
0
0
0
0
0
0
0
0
0
0
0
0
0
0
0
0
0
0
0
0
0
0
0
0
0
0
0
0
0
0
0
0
0
0
0
0
0
0
0
0
0
0
0
0
0
0
0
0
0
0
0
0
0
0
0
0
0
0
0
0
0
0
0
0
0
0
0
0
0
0
0
0
0
0
0
0
0
0
0
0
0
0
0
0
0
0
0
0
0
0
0
0
0
0
0
0
0
0
0
0
0
0
0
0
0
0
0
0
0
0
0
0
0
0
0
0
0
0
0
0
0
0
0
0
0
0
0
0
0
0
0
0
0
0
0
0
0
0
0
0
0
0
0
0
0
0
0
0
0
0
0
0
0
0
0
0
0
0
0
0
0
0
0
0
0
0
0
0
0
0
0
0
0
0
0
0
0
0
0
0
0
0
0
0
0
0
0
0
0
0
0
0
0
0
0
0
0
0
0
0
0
0
0
0
0
0
0
0
0
0
0
0
0
0
0
0
0
0
0
0
0
0
0
0
0
0
0
0
0
0
0
0
0
0
0
0
0
0
0
0
0
0
0
0
0
0
0
0
0
0
0
0
0
0
0
0
0
0
0
0
0
0
0
0
0
0
0
0
0
0
0
0
0
0
0
0
0
0
0
0
0
0
0
0
0
0
0
0
0
0
0
0
0
0
0
0
0
0
0
0
0
0
0
0
0
0
0
0
0
0
0
0
0
0
0
0
0
0
0
0
0
0
0
0
0
0
0
0
0
0
0
0
0
0
0
0
0
0
0
0
0
0
0
0
0
0
0
0
0
0
0
0
0
0
0
0
0
0
0
0
0
0
0
0
0
0
0
0
0
0
0
0
0
0
0
0
0
0
0
0
0
0
0
0
0
0
0
0
0
0
0
0
0
0
0
0
0
0
0
0
0
0
0
0
0
0
0
0
0
0
0
0
0
0
0
0
0
0
0
0
0
0
0
0
0
0
0
0
0
0
0
0
0
0
0
0
0
0
0
0
0
0
0
0
0
0
0
0
0
0
0
0
0
0
0
0
0
0
0
0
0
0
0
0
0
0
0
0
0
0
0
0
0
0
0
0
0
0
0
0
0
0
0
0
0
0
0
0
0
0
0
0
0
0
0
0
0
0
0
0
0
0
0
0
0
0
0
0
0
0
0
0
0
0
0
0
0
0
0
0
0
0
0
0
0
0
0
0
0
0
0
0
0
0
0
0
0
0
0
0
0
0
0
0
0
0
0
0
0
0
0
0
0
0
0
0
0
0
0
0
0
0
0
0
0
0
0
0
0
0
0
0
0
0
0
0
0
0
0
0
0
0
0
0
0
0
0
0
0
0
0
0
0
0
0
0
0
0
0
0
0
0
0
0
0
0
0
0
0
0
0
0
0
0
0
0
0
0
0
0
0
0
0
0
0
0
0
0
0
0
0
0
0
0
0
0
0
0
0
0
0
0
0
0
0
0
0
0
0
0
0
0
0
0
0
0
0
0
0
0
0
0
0
0
0
0
0
0
0
0
0
0
0
0
0
0
0
0
0
0
0
0
0
0
0
0
0
0
0
0
0
0
0
0
0
0
0
0
0
0
0
0
0
0
0
0
0
0
0
0
0
0
0
0
0
0
0
0
0
0
0
0
0
0
0
0
0
0
0
0
0
0
0
0
0
0
0
0
0
0
0
0
0
0
0
0
0
0
0
0
0
0
0
0
0
0
0
0
0
0
0
0
0
0
0
0
0
0
0
0
0
0
0
0
0
0
0
0
0
0
0
0
0
0
0
0
0
0
0
0
0
0
0
0
0
0
0
0
0
0
0
0
0
0
0
0
0
0
0
0
0
0
0
0
0
0
0
0
0
0
0
0
0
0
0
0
0
0
0
0
0
0
0
0
0
0
0
0
0
0
0
0
0
0
0
0
0
0
0
0
0
0
0
0
0
0
0
0
0
0
0
0
0
0
0
0
0
0
0
0
0
0
0
0
0
0
0
0
0
0
0
0
0
0
0
0
0
0
0
0
0
0
0
0
0
0
0
0
0
0
0
0
0
0
0
0
0
0
0
0
0
0
0
0
0
0
0
0
0
0
0
0
0
0
0
0
0
0
0
0
0
0
0
0
0
0
0
0
0
0
0
0
0
0
0
0
0
0
0
0
0
0
0
0
0
0
0
0
0
0
0
0
0
0
0
0
0
0
0
0
0
0
0
0
0
0
0
0
0
0
0
0
0
0
0
0
0
0
0
0
0
0
0
0
0
0
0
0
0
0
0
0
0
0
0
0
0
0
0
0
0
0
0
0
0
0
0
0
0
0
0
0
0
0
0
0
0
0
0
0
0
0
0
0
0
0
0
0
0
0
0
0
0
0
0
0
0
0
0
0
0
0
0
0
0
0
0
0
0
0
0
0
0
0
0
0
0
0
0
0
0
0
0
0
0
0
0
0
0
0
0
0
0
0
0
0
0
0
0
0
0
0
0
0
0
0
0
0
0
0
0
0
0
0
0
0
0
0
0
0
0
0
0
0
0
0
0
0
0
0
0
0
0
0
0
0
0
0
0
0
0
0
0
0
0
0
0
0
0
0
0
0
0
0
0
0
0
0
0
0
0
0
0
0
0
0
0
0
0
0
0
0
0
0
0
0
0
0
0
0
0
0
0
0
0
0
0
0
0
0
0
0
0
0
0
0
0
0
0
0
0
0
0
0
0
0
0
0
0
0
0
0
0
0
0
0
0
0
0
0
0
0
0
0
0
0
0
0
0
0
0
0
0
0
0
0
0
0
0
0
0
0
0
0
0
0
0
0
0
0
0
0
0
0
0
0
0
0
0
0
0
0
0
0
0
0
0
0
0
0
0
0
0
0
0
0
0
0
0
0
0
0
0
0
0
0
0
0
0
0
0
0
0
0
0
0
0
0
0
0
0
0
0
0
0
0
0
0
0
0
0
0
0
0
0
0
0
0
0
0
0
0
0
0
0
0
0
0
0
0
0
0
0
0
0
0
0
0
0
0
0
0
0
0
0
0
0
0
0
0
0
0
0
0
0
0
0
0
0
0
0
0
0
0
0
0
0
0
0
0
0
0
0
0
0
0
0
0
0
0
0
0
0
0
0
0
0
0
0
0
0
0
0
0
0
0
0
0
0
0
0
0
0
0
0
0
0
0
0
0
0
0
0
0
0
0
0
0
0
0
0
0
0
0
0
0
0
0
0
0
0
0
0
0
0
0
0
0
0
0
0
0
0
0
0
0
0
0
0
0
0
0
0
0
0
0
0
0
0
0
0
0
0
0
0
0
0
0
0
0
0
0
0
0
0
0
0
0
0
0
0
0
0
0
0
0
0
0
0
0
0
0
0
0
0
0
0
0
0
0
0
0
0
0
0
0
0
0
0
0
0
0
0
0
0
0
0
0
0
0
0
0
0
0
0
0
0
0
0
0
0
0
0
0
0
0
0
0
0
0
0
0
0
0
0
0
0
0
0
0
0
0
0
0
0
0
0
0
0
0
0
0
0
0
0
0
0
0
0
0
0
0
0
0
0
0
0
0
0
0
0
0
0
0
0
0
0
0
0
0
0
0
0
0
0
0
0
0
0
0
0
0
0
0
0
0
0
0
0
0
0
0
0
0
0
0
0
0
0
0
0
0
0
0
0
0
0
0
0
0
0
0
0
0
0
0
0
0
0
0
0
0
0
0
0
0
0
0
0
0
0
0
0
0
0
0
0
0
0
0
0
0
0
0
0
0
0
0
0
0
0
0
0
0
0
0
0
0
0
0
0
0
0
0
0
0
0
0
0
0
0
0
0
0
0
0
0
0
0
0
0
0
0
0
0
0
0
0
0
0
0
0
0
0
0
0
0
0
0
0
0
0
0
0
0
0
0
0
0
0
0
0
0
0
0
0
0
0
0
0
0
0
0
0
0
0
0
0
0
0
0
0
0
0
0
0
0
0
0
0
0
0
0
0
0
0
0
0
0
0
0
0
0
0
0
0
0
0
0
0
0
0
0
0
0
0
0
0
0
0
0
0
0
0
0
0
0
0
0
0
0
0
0
0
0
0
0
0
0
0
0
0
0
0
0
0
0
0
0
0
0
0
0
0
0
0
0
0
0
0
0
0
0
0
0
0
0
0
0
0
0
0
0
0
0
0
0
0
0
0
0
0
0
0
0
0
0
0
0
0
0
0
0
0
0
0
0
0
0
0
0
0
0
0
0
0
0
0
0
0
0
0
0
0
0
0
0
0
0
0
0
0
0
0
0
0
0
0
0
0
0
0
0
0
0
0
0
0
0
0
0
0
0
0
0
0
0
0
0
0
0
0
0
0
0
0
0
0
0
0
0
0
0
0
0
0
0
0
0
0
0
0
0
0
0
0
0
0
0
0
0
0
0
0
0
0
0
0
0
0
0
0
0
0
0
0
0
0
0
0
0
0
0
0
0
0
0
0
0
0
0
0
0
0
0
0
0
0
0
0
0
0
0
0
0
0
0
0
0
0
0
0
0
0
0
0
0
0
0
0
0
0
0
0
0
0
0
0
0
0
0
0
0
0
0
0
0
0
0
0
0
0
0
0
0
0
0
0
0
0
0
0
0
0
0
0
0
0
0
0
0
0
0
0
0
0
0
0
0
0
0
0
0
0
0
0
0
0
0
0
0
0
0
0
0
0
0
0
0
0
0
0
0
0
0
0
0
0
0
0
0
0
0
0
0
0
0
0
0
0
0
0
0
0
0
0
0
0
0
0
0
0
0
0
0
0
0
0
0
0
0
0
0
0
0
0
0
0
0
0
0
0
0
0
0
0
0
0
0
0
0
0
0
0
0
0
0
0
0
0
0
0
0
0
0
0
0
0
0
0
0
0
0
0
0
0
0
0
0
0
0
0
0
0
0
0
0
0
0
0
0
0
0
0
0
0
0
0
0
0
0
0
0
0
0
0
0
0
0
0
0
0
0
0
0
0
0
0
0
0
0
0
0
0
0
0
0
0
0
0
0
0
0
0
0
0
0
0
0
0
0
0
0
0
0
0
0
0
0
0
0
0
0
0
0
0
0
0
0
0
0
0
0
0
0
0
0
0
0
0
0
0
0
0
0
0
0
0
0
0
0
0
0
0
0
0
0
0
0
0
0
0
0
0
0
0
0
0
0
0
0
0
0
0
0
0
0
0
0
0
0
0
0
0
0
0
0
0
0
0
0
0
0
0
0
0
0
0
0
0
0
0
0
0
0
0
0
0
0
0
0
0
0
0
0
0
0
0
0
0
0
0
0
0
0
0
0
0
0
0
0
0
0
0
0
0
0
0
0
0
0
0
0
0
0
0
0
0
0
0
0
0
0
0
0
0
0
0
0
0
0
0
0
0
0
0
0
0
0
0
0
0
0
0
0
0
0
0
0
0
0
0
0
0
0
0
0
0
0
0
0
0
0
0
0
0
0
0
0
0
0
0
0
0
0
0
0
0
0
0
0
0
0
0
0
0
0
0
0
0
0
0
0
0
0
0
0
0
0
0
0
0
0
0
0
0
0
0
0
0
0
0
0
0
0
0
0
0
0
0
0
0
0
0
0
0
0
0
0
0
0
0
0
0
0
0
0
0
0
0
0
0
0
0
0
0
0
0
0
0
0
0
0
0
0
0
0
0
0
0
0
0
0
0
0
0
0
0
0
0
0
0
0
0
0
0
0
0
0
0
0
0
0
0
0
0
0
0
0
0
0
0
0
0
0
0
0
0
0
0
0
0
0
0
0
0
0
0
0
0
0
0
0
0
0
0
0
0
0
0
0
0
0
0
0
0
0
0
0
0
0
0
0
0
0
0
0
0
0
0
0
0
0
0
0
0
0
0
0
0
0
0
0
0
0
0
0
0
0
0
0
0
0
0
0
0
0
0
0
0
0
0
0
0
0
0
0
0
0
0
0
0
0
0
0
0
0
0
0
0
0
0
0
0
0
0
0
0
0
0
0
0
0
0
0
0
0
0
0
0
0
0
0
0
0
0
0
0
0
0
0
0
0
0
0
0
0
0
0
0
0
0
0
0
0
0
0
0
0
0
0
0
0
0
0
0
0
0
0
0
0
0
0
0
0
0
0
0
0
0
0
0
0
0
0
0
0
0
0
0
0
0
0
0
0
0
0
0
0
0
0
0
0
0
0
0
0
0
0
0
0
0
0
0
0
0
0
0
0
0
0
0
0
0
0
0
0
0
0
0
0
0
0
0
0
0
0
0
0
0
0
0
0
0
0
0
0
0
0
0
0
0
0
0
0
0
0
0
0
0
0
0
0
0
0
0
0
0
0
0
0
0
0
0
0
0
0
0
0
0
0
0
0
0
0
0
0
0
0
0
0
0
0
0
0
0
0
0
0
0
0
0
0
0
0
0
0
0
0
0
0
0
0
0
0
0
0
0
0
0
0
0
0
0
0
0
0
0
0
0
0
0
0
0
0
0
0
0
0
0
0
0
0
0
0
0
0
0
0
0
0
0
0
0
0
0
0
0
0
0
0
0
0
0
0
0
0
0
0
0
0
0
0
0
0
0
0
0
0
0
0
0
0
0
0
0
0
0
0
0
0
0
0
0
0
0
0
0
0
0
0
0
0
0
0
0
0
0
0
0
0
0
0
0
0
0
0
0
0
0
0
0
0
0
0
0
0
0
0
0
0
0
0
0
0
0
0
0
0
0
0
0
0
0
0
0
0
0
0
0
0
0
0
0
0
0
0
0
0
0
0
0
0
0
0
0
0
0
0
0
0
0
0
0
0
0
0
0
0
0
0
0
0
0
0
0
0
0
0
0
0
0
0
0
0
0
0
0
0
0
0
0
0
0
0
0
0
0
0
0
0
0
0
0
0
0
0
0
0
0
0
0
0
0
0
0
0
0
0
0
0
0
0
0
0
0
0
0
0
0
0
0
0
0
0
0
0
0
0
0
0
0
0
0
0
0
0
0
0
0
0
0
0
0
0
0
0
0
0
0
0
0
0
0
0
0
0
0
0
0
0
0
0
0
0
0
0
0
0
0
0
0
0
0
0
0
0
0
0
0
0
0
0
0
0
0
0
0
0
0
0
0
0
0
0
0
0
0
0
0
0
0
0
0
0
0
0
0
0
0
0
0
0
0
0
0
0
0
0
0
0
0
0
0
0
0
0
0
0
0
0
0
0
0
0
0
0
0
0
0
0
0
0
0
0
0
0
0
0
0
0
0
0
0
0
0
0
0
0
0
0
0
0
0
0
0
0
0
0
0
0
0
0
0
0
0
0
0
0
0
0
0
0
0
0
0
0
0
0
0
0
0
0
0
0
0
0
0
0
0
0
0
0
0
0
0
0
0
0
0
0
0
0
0
0
0
0
0
0
0
0
0
0
0
0
0
0
0
0
0
0
0
0
0
0
0
0
0
0
0
0
0
0
0
0
0
0
0
0
0
0
0
0
0
0
0
0
0
0
0
0
0
0
0
0
0
0
0
0
0
0
0
0
0
0
0
0
0
0
0
0
0
0
0
0
0
0
0
0
0
0
0
0
0
0
0
0
0
0
0
0
0
0
0
0
0
0
0
0
0
0
0
0
0
0
0
0
0
0
0
0
0
0
0
0
0
0
0
0
0
0
0
0
0
0
0
0
0
0
0
0
0
0
0
0
0
0
0
0
0
0
0
0
0
0
0
0
0
0
0
0
0
0
0
0
0
0
0
0
0
0
0
0
0
0
0
0
0
)
;

boundaryField
{
    inlet
    {
        type            calculated;
        value           nonuniform List<scalar> 
20
(
-7.42428e-06
-7.42428e-06
-7.42428e-06
-7.42428e-06
-7.42428e-06
-7.42428e-06
-7.42428e-06
-7.42428e-06
-7.42428e-06
-7.42428e-06
-7.42428e-06
-7.42428e-06
-7.42428e-06
-7.42428e-06
-7.42428e-06
-7.42428e-06
-7.42428e-06
-7.42428e-06
-7.42428e-06
-7.42428e-06
)
;
    }
    outlet
    {
        type            calculated;
        value           uniform 0;
    }
    frontAndBack
    {
        type            empty;
    }
    topAndBottom
    {
        type            calculated;
        value           uniform 0;
    }
    defaultFaces
    {
        type            empty;
    }
}


// ************************************************************************* //
