/*--------------------------------*- C++ -*----------------------------------*\
  =========                 |
  \\      /  F ield         | OpenFOAM: The Open Source CFD Toolbox
   \\    /   O peration     | Website:  https://openfoam.org
    \\  /    A nd           | Version:  11
     \\/     M anipulation  |
\*---------------------------------------------------------------------------*/
FoamFile
{
    format      ascii;
    class       surfaceScalarField;
    location    "20";
    object      phi;
}
// * * * * * * * * * * * * * * * * * * * * * * * * * * * * * * * * * * * * * //

dimensions      [0 3 -1 0 0 0 0];

internalField   nonuniform List<scalar> 
5320
(
0
0
0
0
0
0
0
0
0
0
0
0
0
0
0
0
0
0
0
0
0
0
0
0
0
0
0
0
0
0
0
0
0
0
0
0
0
0
0
0
0
0
0
0
0
0
0
0
0
0
0
0
0
0
0
0
0
0
0
0
0
0
0
0
0
0
0
0
0
0
0
0
0
0
0
0
0
0
0
0
0
0
0
0
0
0
0
0
0
0
0
0
0
0
0
0
0
0
0
0
0
0
0
0
0
0
0
0
0
0
0
0
0
0
0
0
0
0
0
0
0
0
0
0
0
0
0
0
0
0
0
0
0
0
0
0
0
0
0
0
0
0
0
0
0
0
0
0
0
0
0
0
0
0
0
0
0
0
0
0
0
0
0
0
0
0
0
0
0
0
0
0
0
0
0
0
0
0
0
0
0
0
0
0
0
0
0
0
0
0
0
0
0
0
0
0
0
0
0
0
0
0
0
0
0
0
0
0
0
0
0
0
0
0
0
0
0
0
0
0
0
0
0
0
0
0
0
0
0
0
0
0
0
0
0
0
0
0
0
0
0
0
0
0
0
0
0
0
0
0
0
0
0
0
0
0
0
0
0
0
0
0
0
0
0
0
0
0
0
0
0
0
0
0
0
0
0
0
0
0
0
0
0
0
0
0
0
0
0
0
0
0
0
0
0
0
0
0
0
0
0
0
0
0
0
0
0
0
0
0
0
0
0
0
0
0
0
0
0
0
0
0
0
0
0
0
0
0
0
0
0
0
0
0
0
0
0
0
0
0
0
0
0
0
0
0
0
0
0
0
0
0
0
0
0
0
0
0
0
0
0
0
0
0
0
0
0
0
0
0
0
0
0
0
0
0
0
0
0
0
0
0
0
0
0
0
0
0
0
0
0
0
0
0
0
0
0
0
0
0
0
0
0
0
0
0
0
0
0
0
0
0
0
0
0
0
0
0
0
0
0
0
0
0
0
0
0
0
0
0
0
0
0
0
0
0
0
0
0
0
0
0
0
0
0
0
0
0
0
0
0
0
0
0
0
0
0
0
0
0
0
0
0
0
0
0
0
0
0
0
0
0
0
0
0
0
0
0
0
0
0
0
0
0
0
0
0
0
0
0
0
0
0
0
0
0
0
0
0
0
0
0
0
0
0
0
0
0
0
0
0
0
0
0
0
0
0
0
0
0
0
0
0
0
0
0
0
0
0
0
0
0
0
0
0
0
0
0
0
0
0
0
0
0
0
0
0
0
0
0
0
0
0
0
0
0
0
0
0
0
0
0
0
0
0
0
0
0
0
0
0
0
0
0
0
0
0
0
0
0
0
0
0
0
0
0
0
0
0
0
0
0
0
0
0
0
0
0
0
0
0
0
0
0
0
0
0
0
0
0
0
0
0
0
0
0
0
0
0
0
0
0
0
0
0
0
0
0
0
0
0
0
0
0
0
0
0
0
0
0
0
0
0
0
0
0
0
0
0
0
0
0
0
0
0
0
0
0
0
0
0
0
0
0
0
0
0
0
0
0
0
0
0
0
0
0
0
0
0
0
0
0
0
0
0
0
0
0
0
0
0
0
0
0
0
0
0
0
0
0
0
0
0
0
0
0
0
0
0
0
0
0
0
0
0
0
0
0
0
0
0
0
0
0
0
0
0
0
0
0
0
0
0
0
0
0
0
0
0
0
0
0
0
0
0
0
0
0
0
0
0
0
0
0
0
0
0
0
0
0
3.09944e-06
1.52588e-05
-6.4373e-06
7.62939e-06
-7.15256e-06
7.62939e-06
-9.05991e-06
1.52588e-05
-1.85966e-05
0
-1.75238e-05
-1.52588e-05
-2.43187e-05
0
-2.76566e-05
7.62939e-06
-2.70605e-05
7.62939e-06
-2.96831e-05
1.52588e-05
-3.54052e-05
1.52588e-05
-2.88486e-05
-1.52588e-05
-2.31266e-05
1.52588e-05
-2.6226e-05
0
-1.62125e-05
0
-4.64916e-06
-1.52588e-05
-1.16825e-05
0
-4.05312e-06
0
-2.26498e-06
0
0
3.09944e-06
0
-8.9422e-06
-1.0526e-05
-6.05622e-06
0
-7.29021e-06
0
-2.41089e-05
-1.64432e-05
-1.40051e-05
-8.70748e-06
-2.78181e-05
0
-3.217e-05
2.38261e-05
-2.39713e-05
-7.62939e-06
-2.60827e-05
1.52588e-05
-4.41317e-05
0
-2.65964e-05
-1.87072e-05
-1.9594e-05
-1.52588e-05
-3.2562e-05
1.39934e-05
-1.86157e-05
0
-4.52995e-06
-1.97344e-05
-1.53374e-05
0
-3.19857e-06
0
-2.26498e-06
6.141e-05
0
2.86102e-06
6.20909e-06
-8.58937e-06
-3.86435e-05
-6.08526e-06
8.87211e-06
-7.58238e-06
-1.84456e-05
-2.41485e-05
-4.01802e-05
-1.37988e-05
-8.99716e-06
-2.71652e-05
0
-3.37994e-05
0
-2.32907e-05
-7.62939e-06
-2.6906e-05
-2.3385e-05
-4.29774e-05
0
-2.53232e-05
-1.45092e-05
-1.87345e-05
0
-3.25746e-05
4.03578e-05
-1.8562e-05
1.47182e-05
-4.29153e-06
-4.16001e-06
-1.47798e-05
0
-2.79483e-06
3.77068e-05
-2.86102e-06
7.86733e-05
1.52588e-05
2.14577e-06
2.04686e-05
-7.47584e-06
-1.06719e-05
-8.63098e-06
5.84677e-06
-7.47379e-06
0
-2.29019e-05
-1.76373e-05
-1.37047e-05
0
-2.69457e-05
0
-3.32106e-05
1.34632e-05
-2.31053e-05
0
-2.56695e-05
-7.62939e-06
-4.60978e-05
-3.57519e-05
-2.78522e-05
-2.32563e-05
-1.97875e-05
-5.21906e-05
-3.5405e-05
-1.52588e-05
-1.99583e-05
1.52588e-05
-4.29153e-06
-2.37054e-05
-1.48324e-05
0
-2.63319e-06
5.63961e-05
-3.09944e-06
3.68032e-05
3.05176e-05
1.66893e-06
7.12991e-06
-6.63983e-06
-3.85816e-05
-8.28952e-06
2.10404e-05
-7.98659e-06
-1.04304e-05
-2.39291e-05
-5.08497e-05
-1.39995e-05
-3.98231e-05
-2.62745e-05
-7.62939e-06
-3.40574e-05
0
-2.30427e-05
0
-2.53998e-05
2.00296e-05
-4.37526e-05
-3.63185e-05
-2.58531e-05
-1.88933e-05
-1.81531e-05
0
-3.1633e-05
1.42698e-05
-1.91642e-05
2.59038e-05
-4.05312e-06
-1.8745e-05
-1.54556e-05
-3.32396e-05
-2.51063e-06
1.52588e-05
-3.09944e-06
8.5701e-05
3.05176e-05
7.15256e-07
1.95046e-05
-4.98372e-06
0
-1.04176e-05
5.5382e-06
-8.19682e-06
-2.1614e-05
-2.17434e-05
-2.09418e-05
-1.33512e-05
-2.2453e-05
-2.64114e-05
0
-3.45551e-05
-2.88124e-05
-2.26666e-05
5.7202e-06
-2.72465e-05
2.44663e-05
-4.43277e-05
-4.63103e-06
-2.77727e-05
-3.63634e-05
-1.83296e-05
-1.52588e-05
-3.30733e-05
1.25656e-05
-2.06612e-05
1.52588e-05
-4.17233e-06
0
-1.42798e-05
-6.05811e-05
-2.36163e-06
3.90747e-05
-3.69549e-06
4.56398e-05
1.52588e-05
4.76837e-07
7.62939e-06
-4.73966e-06
-2.03161e-05
-1.08583e-05
2.79809e-05
-8.18763e-06
-1.00354e-05
-2.2902e-05
-3.31535e-05
-1.31614e-05
-1.94896e-05
-2.77752e-05
0
-3.2814e-05
-1.51484e-05
-2.23158e-05
2.03456e-05
-2.83934e-05
4.426e-05
-4.31549e-05
-1.65749e-05
-2.69806e-05
0
-1.8057e-05
-3.50887e-05
-3.12163e-05
3.63935e-05
-2.07538e-05
5.35181e-05
-4.41074e-06
0
-1.33381e-05
-1.32756e-05
-2.38249e-06
1.22359e-05
-3.8147e-06
1.52588e-05
0
0
6.59725e-06
-2.86576e-06
0
-1.18642e-05
9.95265e-06
-8.38423e-06
8.54551e-06
-2.17448e-05
-2.66109e-05
-1.28425e-05
0
-2.88992e-05
-1.77013e-05
-3.3078e-05
-2.97012e-05
-2.16814e-05
7.62939e-06
-3.33896e-05
5.19298e-05
-4.37082e-05
-4.03003e-05
-2.88395e-05
0
-1.79397e-05
-2.36427e-05
-3.2254e-05
3.11563e-05
-2.1523e-05
3.87093e-05
-4.40044e-06
1.97426e-05
-1.29063e-05
-1.53664e-05
-2.29866e-06
0
-3.69549e-06
4.42867e-05
1.52588e-05
-2.38419e-07
0
-2.91392e-06
-6.05459e-06
-1.18621e-05
-7.62939e-06
-8.82228e-06
9.78369e-06
-2.15477e-05
0
-1.30678e-05
0
-2.9222e-05
-6.64778e-06
-3.22497e-05
-4.03959e-05
-2.11479e-05
0
-3.83704e-05
5.04893e-05
-4.28979e-05
-2.66314e-05
-3.13572e-05
-4.0261e-05
-1.72146e-05
-5.4122e-05
-3.2104e-05
1.26485e-05
-2.25236e-05
4.60844e-05
-4.49603e-06
1.25722e-05
-1.25493e-05
0
-2.05231e-06
0
-3.93391e-06
6.03753e-05
3.05176e-05
-4.76837e-07
-1.14742e-05
-2.67048e-06
-2.02025e-05
-1.12998e-05
0
-9.30554e-06
-7.62939e-06
-2.12389e-05
1.05376e-05
-1.32367e-05
1.17101e-05
-2.98303e-05
-2.14287e-05
-2.9916e-05
-2.14057e-05
-1.9717e-05
2.85389e-05
-4.00367e-05
8.07996e-05
-4.0558e-05
-5.49525e-05
-2.90468e-05
1.73599e-05
-1.66951e-05
0
-3.21289e-05
0
-2.28819e-05
5.19862e-05
-4.50599e-06
3.74813e-05
-1.28713e-05
1.14845e-06
-2.21012e-06
0
-4.29153e-06
-2.99047e-06
1.52588e-05
-4.76837e-07
0
-2.69585e-06
-2.18339e-05
-1.16641e-05
-1.92035e-05
-8.74854e-06
0
-2.19489e-05
0
-1.36433e-05
0
-2.94794e-05
0
-3.07479e-05
-2.98425e-05
-2.03307e-05
6.57936e-06
-4.48315e-05
3.25662e-05
-4.00066e-05
-3.51411e-05
-3.20852e-05
0
-1.65952e-05
0
-2.97506e-05
3.61803e-05
-2.3546e-05
2.68376e-05
-4.78182e-06
2.91301e-05
-1.28096e-05
-2.49269e-05
-2.26498e-06
0
-4.05312e-06
4.01985e-05
1.52588e-05
-5.28413e-07
-7.62939e-06
-2.30083e-06
0
-1.09451e-05
0
-8.69105e-06
1.04282e-05
-2.15505e-05
0
-1.36351e-05
0
-3.01544e-05
-1.77398e-05
-2.8967e-05
0
-1.94867e-05
0
-4.49541e-05
2.05017e-05
-3.8018e-05
-1.5744e-05
-3.16925e-05
1.9894e-05
-1.6756e-05
1.52391e-05
-3.06703e-05
0
-2.35865e-05
7.12754e-05
-4.68235e-06
1.4597e-05
-1.2914e-05
-6.35025e-05
-2.02656e-06
3.16363e-07
-4.29153e-06
3.67828e-05
0
-3.31922e-07
1.52588e-05
-2.49542e-06
-2.03583e-05
-1.08635e-05
1.52588e-05
-9.08668e-06
7.62939e-06
-2.19859e-05
-1.85882e-05
-1.38778e-05
-1.16087e-05
-3.02761e-05
-1.35978e-05
-2.96381e-05
-1.17271e-05
-1.9315e-05
1.00339e-05
-4.5037e-05
1.91714e-05
-3.78588e-05
2.07976e-05
-3.27731e-05
0
-1.65828e-05
1.52588e-05
-3.00901e-05
-2.00096e-05
-2.42041e-05
5.91105e-05
-4.80457e-06
3.41348e-05
-1.12481e-05
-5.3447e-05
-1.66893e-06
1.98941e-05
-4.41074e-06
0
1.52588e-05
-1.19154e-06
0
-2.24338e-06
-2.20661e-05
-1.07977e-05
0
-9.25973e-06
2.98025e-05
-2.14081e-05
-1.34255e-05
-1.38378e-05
-5.62846e-06
-3.0426e-05
-3.03582e-05
-2.89533e-05
-5.35384e-06
-1.96556e-05
0
-4.67703e-05
-1.91649e-05
-3.85444e-05
1.52588e-05
-3.29212e-05
1.98181e-05
-1.70695e-05
-3.15805e-05
-2.71405e-05
0
-2.4898e-05
7.722e-05
-5.25405e-06
1.64338e-05
-1.11318e-05
-4.58334e-05
-1.90735e-06
-2.80283e-06
-4.29153e-06
2.02449e-05
0
-2.11243e-06
-2.79571e-05
-1.68321e-06
-7.62939e-06
-1.02451e-05
0
-1.0296e-05
0
-2.17946e-05
-2.23651e-05
-1.39694e-05
-2.21691e-05
-2.93188e-05
-7.64629e-06
-2.76586e-05
0
-1.91016e-05
0
-4.43382e-05
-1.52588e-05
-3.97878e-05
1.84085e-05
-3.3692e-05
-1.73026e-05
-1.61039e-05
1.52588e-05
-2.66122e-05
1.93185e-05
-2.63523e-05
5.80231e-05
-5.66588e-06
1.87068e-05
-1.04517e-05
-3.05176e-05
-1.90735e-06
0
-4.41074e-06
-1.52588e-05
1.52588e-05
-1.16068e-06
-1.01382e-05
-2.14577e-06
-1.54771e-05
-1.03768e-05
-1.76872e-05
-1.06152e-05
-5.87267e-06
-2.07671e-05
-1.89595e-05
-1.36212e-05
-1.52588e-05
-2.99989e-05
-1.69416e-05
-2.87532e-05
-9.61976e-06
-1.96306e-05
-1.38209e-05
-4.4286e-05
-1.49031e-05
-3.81195e-05
2.07478e-05
-3.21152e-05
2.84031e-06
-1.69532e-05
1.44941e-05
-2.69105e-05
-4.74261e-06
-2.68607e-05
3.39605e-05
-6.15946e-06
0
-1.00508e-05
-1.22491e-05
-1.90735e-06
1.97329e-05
-4.29153e-06
-1.29058e-05
0
-1.93621e-06
-1.02423e-05
-1.67874e-06
-9.98609e-06
-1.03967e-05
-5.72534e-06
-1.10618e-05
-2.59207e-05
-2.03487e-05
0
-1.36922e-05
-1.52588e-05
-2.89949e-05
-7.96581e-06
-2.80329e-05
0
-1.93345e-05
7.62939e-06
-4.31838e-05
1.39941e-05
-4.1317e-05
1.98849e-05
-3.35704e-05
-5.00891e-06
-1.67241e-05
0
-2.40274e-05
0
-2.6476e-05
1.79503e-05
-6.26806e-06
1.92957e-05
-1.01347e-05
-2.62512e-05
-1.87924e-06
0
-4.17233e-06
-3.70106e-05
0
-1.71274e-06
-7.62939e-06
-1.90735e-06
-2.78392e-05
-1.04973e-05
-2.49859e-05
-1.01113e-05
0
-2.12906e-05
0
-1.3864e-05
0
-2.912e-05
-7.62939e-06
-2.80978e-05
7.62939e-06
-1.92585e-05
0
-4.25151e-05
5.61198e-05
-4.02416e-05
1.98723e-05
-3.14327e-05
-1.2359e-05
-1.69562e-05
0
-2.3309e-05
-3.19084e-06
-2.78316e-05
1.84107e-05
-6.75524e-06
0
-9.59059e-06
-3.43693e-05
-1.84944e-06
1.571e-07
-3.8147e-06
0
1.52588e-05
-2.43923e-06
-1.52588e-05
-1.7213e-06
0
-1.00061e-05
-7.62939e-06
-1.02096e-05
0
-2.13303e-05
-7.62939e-06
-1.39273e-05
0
-2.86847e-05
0
-2.90623e-05
1.52588e-05
-1.94973e-05
0
-4.59547e-05
0
-4.05824e-05
1.52588e-05
-3.05038e-05
0
-1.67903e-05
0
-2.16805e-05
1.52588e-05
-2.72765e-05
0
-6.67814e-06
0
-9.06363e-06
0
-1.64843e-06
0
-3.8147e-06
1.52588e-05
1.52588e-05
-1.19209e-06
-2.14577e-06
-7.98702e-06
-1.21593e-05
-1.71661e-05
-1.72853e-05
-2.39611e-05
-2.57492e-05
-2.37226e-05
-3.57628e-05
-3.57628e-05
-2.86102e-05
-2.09808e-05
-2.15769e-05
-2.11e-05
-8.58307e-06
-7.39098e-06
-2.14577e-06
-3.93391e-06
0
0
0
0
0
0
0
0
0
0
0
0
0
0
0
0
0
0
0
0
0
0
0
0
0
0
0
0
0
0
0
0
0
0
0
0
0
0
0
0
0
0
0
0
0
0
0
0
0
0
0
0
0
0
0
0
0
0
0
0
0
0
0
0
0
0
0
0
0
0
0
0
0
0
0
0
0
0
0
0
0
0
0
0
0
0
0
0
0
0
0
0
0
0
0
0
0
0
0
0
0
0
0
0
0
0
0
0
0
0
0
0
0
0
0
0
0
0
0
0
0
0
0
0
0
0
0
0
0
0
0
0
0
0
0
0
0
0
0
0
0
0
0
0
0
0
0
0
0
0
0
0
0
0
0
0
0
0
0
0
0
0
0
0
0
0
0
0
0
0
0
0
0
0
0
0
0
0
0
0
0
0
0
0
0
0
0
0
0
0
0
0
0
0
0
0
0
0
0
0
0
0
0
0
0
0
0
0
0
0
0
0
0
0
0
0
0
0
0
0
0
0
0
0
0
0
0
0
0
0
0
0
0
0
0
0
0
0
0
0
0
0
0
0
0
0
0
0
0
0
0
0
0
0
0
0
0
0
0
0
0
0
0
0
0
0
0
0
0
0
0
0
0
0
0
0
0
0
0
0
0
0
0
0
0
0
0
0
0
0
0
0
0
0
0
0
0
0
0
0
0
0
0
0
0
0
0
0
0
0
0
0
0
0
0
0
0
0
0
0
0
0
0
0
0
0
0
0
0
0
0
0
0
0
0
0
0
0
0
0
0
0
0
0
0
0
0
0
0
0
0
0
0
0
0
0
0
0
0
0
0
0
0
0
0
0
0
0
0
0
0
0
0
0
0
0
0
0
0
0
0
0
0
0
0
0
0
0
0
0
0
0
0
0
0
0
0
0
0
0
0
0
0
0
0
0
0
0
0
0
0
0
0
0
0
0
0
0
0
0
0
0
0
0
0
0
0
0
0
0
0
0
0
0
0
0
0
0
0
0
0
0
0
0
0
0
0
0
0
0
0
0
0
0
0
0
0
0
0
0
0
0
0
0
0
0
0
0
0
0
0
0
0
0
0
0
0
0
0
0
0
0
0
0
0
0
0
0
0
0
0
0
0
0
0
0
0
0
0
0
0
0
0
0
0
0
0
0
0
0
0
0
0
0
0
0
0
0
0
0
0
0
0
0
0
0
0
0
0
0
0
0
0
0
0
0
0
0
0
0
0
0
0
0
0
0
0
0
0
0
0
0
0
0
0
0
0
0
0
0
0
0
0
0
0
0
0
0
0
0
0
0
0
0
0
0
0
0
0
0
0
0
0
0
0
0
0
0
0
0
0
0
0
0
0
0
0
0
0
0
0
0
0
0
0
0
0
0
0
0
0
0
0
0
0
0
0
0
0
0
0
0
0
0
0
0
0
0
0
0
0
0
0
0
0
0
0
0
0
0
0
0
0
0
0
0
0
0
0
0
0
0
0
0
0
0
0
0
0
0
0
0
0
0
0
0
0
0
0
0
0
0
0
0
0
0
0
0
0
0
0
0
0
0
0
0
0
0
0
0
0
0
0
0
0
0
0
0
0
0
0
0
0
0
0
0
0
0
0
0
0
0
0
0
0
0
0
0
0
0
0
0
0
0
0
0
0
0
0
0
0
0
0
0
0
0
0
0
0
0
0
0
0
0
0
0
0
0
0
0
0
0
0
0
0
0
0
0
0
0
0
0
0
0
0
0
0
0
0
0
0
0
0
0
0
0
0
0
0
0
0
0
0
0
0
0
0
0
0
0
0
0
0
0
0
0
0
0
0
0
0
0
0
0
0
0
0
0
0
0
0
0
0
0
0
0
0
0
0
0
0
0
0
0
0
0
0
0
0
0
0
0
0
0
0
0
0
0
0
0
0
0
0
0
0
0
0
0
0
0
0
0
0
0
0
0
0
0
0
0
0
0
0
0
0
0
0
0
0
0
0
0
0
0
0
0
0
0
0
0
0
0
0
0
0
0
0
0
0
0
0
0
0
0
0
0
0
0
0
0
0
0
0
0
0
0
0
0
0
0
0
0
0
0
0
0
0
0
0
0
0
0
0
0
0
0
0
0
0
0
0
0
0
0
0
0
0
0
0
0
0
0
0
0
0
0
0
0
0
0
0
0
0
0
0
0
0
0
0
0
0
0
0
0
0
0
0
0
0
0
0
0
0
0
0
0
0
0
0
0
0
0
0
0
0
0
0
0
0
0
0
0
0
0
0
0
0
0
0
0
0
0
0
0
0
0
0
0
0
0
0
0
0
0
0
0
0
0
0
0
0
0
0
0
0
0
0
0
0
0
0
0
0
0
0
0
0
0
0
0
0
0
0
0
0
0
0
0
0
0
0
0
0
0
0
0
0
0
0
0
0
0
0
0
0
0
0
0
0
0
0
0
0
0
0
0
0
0
0
0
0
0
0
0
0
0
0
0
0
0
0
0
0
0
0
0
0
0
0
0
0
0
0
0
0
0
0
0
0
0
0
0
0
0
0
0
0
0
0
0
0
0
0
0
0
0
0
0
0
0
0
0
0
0
0
0
0
0
0
0
0
0
0
0
0
0
0
0
0
0
0
0
0
0
0
0
0
0
0
0
0
0
0
0
0
0
0
0
0
0
0
0
0
0
0
0
0
0
0
0
0
0
0
0
0
0
0
0
0
0
0
0
0
0
0
0
0
0
0
0
0
0
0
0
0
0
0
0
0
0
0
0
0
0
0
0
0
0
0
0
0
0
0
0
0
0
0
0
0
0
0
0
0
0
0
0
0
0
0
0
0
0
0
0
0
0
0
0
0
0
0
0
0
0
0
0
0
0
0
0
0
0
0
0
0
0
0
0
0
0
0
0
0
0
0
0
0
0
0
0
0
0
0
0
0
0
0
0
0
0
0
0
0
0
0
0
0
0
0
0
0
0
0
0
0
0
0
0
0
0
0
0
0
0
0
0
0
0
0
0
0
0
0
0
0
0
0
0
0
0
0
0
0
0
0
0
0
0
0
0
0
0
0
0
0
0
0
0
0
0
0
0
0
0
0
0
0
0
0
0
0
0
0
0
0
0
0
0
0
0
0
0
0
0
0
0
0
0
0
0
0
0
0
0
0
0
0
0
0
0
0
0
0
0
0
0
0
0
0
0
0
0
0
0
0
0
0
0
0
0
0
0
0
0
0
0
0
0
0
0
0
0
0
0
0
0
0
0
0
0
0
0
0
0
0
0
0
0
0
0
0
0
0
0
0
0
0
0
0
0
0
0
0
0
0
0
0
0
0
0
0
0
0
0
0
0
0
0
0
0
0
0
0
0
0
0
0
0
0
0
0
0
0
0
0
0
0
0
0
0
0
0
0
0
0
0
0
0
0
0
0
0
0
0
0
0
0
0
0
0
0
0
0
0
0
0
0
0
0
0
0
0
0
0
0
0
0
0
0
0
0
0
0
0
0
0
0
0
0
0
0
0
0
0
0
0
0
0
0
0
0
0
0
0
0
0
0
0
0
0
0
0
0
0
0
0
0
0
0
0
0
0
0
0
0
0
0
0
0
0
0
0
0
0
0
0
0
0
0
0
0
0
0
0
0
0
0
0
0
0
0
0
0
0
0
0
0
0
0
0
0
0
0
0
0
0
0
0
0
0
0
0
0
0
0
0
0
0
0
0
0
0
0
0
0
0
0
0
0
0
0
0
0
0
0
0
0
0
0
0
0
0
0
0
0
0
0
0
0
0
0
0
0
0
0
0
0
0
0
0
0
0
0
0
0
0
0
0
0
0
0
0
0
0
0
0
0
0
0
0
0
0
0
0
0
0
0
0
0
0
0
0
0
0
0
0
0
0
0
0
0
0
0
0
0
0
0
0
0
0
0
0
0
0
0
0
0
0
0
0
0
0
0
0
0
0
0
0
0
0
0
0
0
0
0
0
0
0
0
0
0
0
0
0
0
0
0
0
0
0
0
0
0
0
0
0
0
0
0
0
0
0
0
0
0
0
0
0
0
0
0
0
0
0
0
0
0
0
0
0
0
0
0
0
0
0
0
0
0
0
0
0
0
0
0
0
0
0
0
0
0
0
0
0
0
0
0
0
0
0
0
0
0
0
0
0
0
0
0
0
0
0
0
0
0
0
0
0
0
0
0
0
0
0
0
0
0
0
0
0
0
0
0
0
0
0
0
0
0
0
0
0
0
0
0
0
0
0
0
0
0
0
0
0
0
0
0
0
0
0
0
0
0
0
0
0
0
0
0
0
0
0
0
0
0
0
0
0
0
0
0
0
0
0
0
0
0
0
0
0
0
0
0
0
0
0
0
0
0
0
0
0
0
0
0
0
0
0
0
0
0
0
0
0
0
0
0
0
0
0
0
0
0
0
0
0
0
0
0
0
0
0
0
0
0
0
0
0
0
0
0
0
0
0
0
0
0
0
0
0
0
0
0
0
0
0
0
0
0
0
0
0
0
0
0
0
0
0
0
0
0
0
0
0
0
0
0
0
0
0
0
0
0
0
0
0
0
0
0
0
0
0
0
0
0
0
0
0
0
0
0
0
0
0
0
0
0
0
0
0
0
0
0
0
0
0
0
0
0
0
0
0
0
0
0
0
0
0
0
0
0
0
0
0
0
0
0
0
0
0
0
0
0
0
0
0
0
0
0
0
0
0
0
0
0
0
0
0
0
0
0
0
0
0
0
0
0
0
0
0
0
0
0
0
0
0
0
0
0
0
0
0
0
0
0
0
0
0
0
0
0
0
0
0
0
0
0
0
0
0
0
0
0
0
0
0
0
0
0
0
0
0
0
0
0
0
0
0
0
0
0
0
0
0
0
0
0
0
0
0
0
0
0
0
0
0
0
0
0
0
0
0
0
0
0
0
0
0
0
0
0
0
0
0
0
0
0
0
0
0
0
0
0
0
0
0
0
0
0
0
0
0
0
0
0
0
0
0
0
0
0
0
0
0
0
0
0
0
0
0
0
0
0
0
0
0
0
0
0
0
0
0
0
0
0
0
0
0
0
0
0
0
0
0
0
0
0
0
0
0
0
0
0
0
0
0
0
0
0
0
0
0
0
0
0
0
0
0
0
0
0
0
0
0
0
0
0
0
0
0
0
0
0
0
0
0
0
0
0
0
0
0
0
0
0
0
0
0
0
0
0
0
0
0
0
0
0
0
0
0
0
0
0
0
0
0
0
0
0
0
0
0
0
0
0
0
0
0
0
0
0
0
0
0
0
0
0
0
0
0
0
0
0
0
0
0
0
0
0
0
0
0
0
0
0
0
0
0
0
0
0
0
0
0
0
0
0
0
0
0
0
0
0
0
0
0
0
0
0
0
0
0
0
0
0
0
0
0
0
0
0
0
0
0
0
0
0
0
0
0
0
0
0
0
0
0
0
0
0
0
0
0
0
0
0
0
0
0
0
0
0
0
0
0
0
0
0
0
0
0
0
0
0
0
0
0
0
0
0
0
0
0
0
0
0
0
0
0
0
0
0
0
0
0
0
0
0
0
0
0
0
0
0
0
0
0
0
0
0
0
0
0
0
0
0
0
0
0
0
0
0
0
0
0
0
0
0
0
0
0
0
0
0
0
0
0
0
0
0
0
0
0
0
0
0
0
0
0
0
0
0
0
0
0
0
0
0
0
0
0
0
0
0
0
0
0
0
0
0
0
0
0
0
0
0
0
0
0
0
0
0
0
0
0
0
0
0
0
0
0
0
0
0
0
0
0
0
0
0
0
0
0
0
0
0
0
0
0
0
0
0
0
0
0
0
0
0
0
0
0
0
0
0
0
0
0
0
0
0
0
0
0
0
0
0
0
0
0
0
0
0
0
0
0
0
0
0
0
0
0
0
0
0
0
0
0
0
0
0
0
0
0
0
0
0
0
0
0
0
0
0
0
0
0
0
0
0
0
0
0
0
0
0
0
0
0
0
0
0
0
0
0
0
0
0
0
0
0
0
0
0
0
0
0
0
0
0
0
0
0
0
0
0
0
0
0
0
0
0
0
0
0
0
0
0
0
0
0
0
0
0
0
0
0
0
0
0
0
0
0
0
0
0
0
0
0
0
0
0
0
0
0
0
0
0
0
0
0
0
0
0
0
0
0
0
0
0
0
0
0
0
0
0
0
0
0
0
0
0
0
0
0
0
0
0
0
0
0
0
0
0
0
0
0
0
0
0
0
0
0
0
0
0
0
0
0
0
0
0
0
0
0
0
0
0
0
0
0
0
0
0
0
0
0
0
0
0
0
0
0
0
0
0
0
0
0
0
0
0
0
0
0
0
0
0
0
0
0
0
0
0
0
0
0
0
0
0
0
0
0
0
0
0
0
0
0
0
0
0
0
0
0
0
0
0
0
0
0
0
0
0
0
0
0
0
0
0
0
0
0
0
0
0
0
0
0
0
0
0
0
0
0
0
0
0
0
0
0
0
0
0
0
0
0
0
0
0
0
0
0
0
0
0
0
0
0
0
0
0
0
0
0
0
0
0
0
0
0
0
0
0
0
0
0
0
0
0
0
0
0
0
0
0
0
0
0
0
0
0
0
0
0
0
0
0
0
0
0
0
0
0
0
0
0
0
0
0
0
0
0
0
0
0
0
0
0
0
0
0
0
0
0
0
0
0
0
0
0
0
0
0
0
0
0
0
0
0
0
0
0
0
0
0
0
0
0
0
0
0
0
0
0
0
0
0
0
0
0
0
0
0
0
0
0
0
0
0
0
0
0
0
0
0
0
0
0
0
0
0
0
0
0
0
0
0
0
0
0
0
0
0
0
0
0
0
0
0
0
0
0
0
0
0
0
0
0
0
0
0
0
0
0
0
0
0
0
0
0
0
0
0
0
0
0
0
0
0
0
0
0
0
0
0
0
0
0
0
0
0
0
0
0
0
0
0
0
0
0
0
0
0
0
0
0
0
0
0
0
0
0
0
0
0
0
0
0
0
0
0
0
0
0
0
0
0
0
0
0
0
0
0
0
0
0
0
0
0
0
0
0
0
0
0
0
0
0
0
0
0
0
0
0
0
0
0
0
0
0
0
0
0
0
0
0
0
0
0
0
0
0
0
0
0
0
0
0
0
0
0
0
0
0
0
0
0
0
0
0
0
0
0
0
0
0
0
0
0
0
0
0
0
0
0
0
0
0
0
0
0
0
0
0
0
0
0
0
0
0
0
0
0
0
0
0
0
0
0
0
0
0
0
0
0
0
0
0
0
0
0
0
0
0
0
0
0
0
0
0
0
0
0
0
0
0
0
0
0
0
0
0
0
0
0
0
0
0
0
0
0
0
0
0
0
0
0
0
0
0
0
0
0
0
0
0
0
0
0
0
0
0
0
0
0
0
0
0
0
0
0
0
0
0
0
0
0
0
0
0
0
0
0
0
0
0
0
0
0
0
0
0
0
0
0
0
0
0
0
0
0
0
0
0
0
0
0
0
0
0
0
0
0
0
0
0
0
0
0
0
0
0
0
0
0
0
0
0
0
0
0
0
0
0
0
0
0
0
0
0
0
0
0
0
0
0
0
0
0
0
0
0
0
0
0
0
0
0
0
0
0
0
0
0
0
0
0
0
0
0
0
0
0
0
0
0
0
0
0
0
0
0
0
0
0
0
0
0
0
0
0
0
0
0
0
0
0
0
0
0
0
0
0
0
0
0
0
0
0
0
0
0
0
0
0
0
0
0
0
0
0
0
0
0
0
0
0
0
0
0
0
0
0
0
0
0
0
0
0
0
0
0
0
0
0
0
0
0
0
0
0
0
0
0
0
0
0
0
0
0
0
0
0
0
0
0
0
0
0
0
0
0
0
0
0
0
0
0
0
0
0
0
0
0
0
0
0
0
0
0
0
0
0
0
0
0
0
0
0
0
0
0
0
0
0
0
0
0
0
0
0
0
0
0
0
0
0
0
0
0
0
0
0
0
0
0
0
0
0
0
0
0
0
0
0
0
0
0
0
0
0
0
0
0
0
0
0
0
0
0
0
0
0
0
0
0
0
0
0
0
0
0
0
0
0
0
0
0
0
0
0
0
0
0
0
0
0
0
0
0
0
0
0
0
0
0
0
0
0
0
0
0
0
0
0
0
0
0
0
0
0
0
0
0
0
0
0
0
0
0
0
0
0
0
0
0
0
0
0
0
0
0
0
0
0
0
0
0
0
0
0
0
0
0
0
0
0
0
0
0
0
0
0
0
0
0
0
0
0
0
0
0
0
0
0
0
0
0
0
0
0
0
0
0
0
0
0
0
0
0
0
0
0
0
0
0
0
0
0
0
0
0
0
0
0
0
0
0
0
0
0
0
0
0
0
0
0
0
0
0
0
0
0
0
0
0
0
0
0
0
0
0
0
0
0
0
0
0
0
0
0
0
0
0
0
0
0
0
0
0
0
0
0
0
0
0
0
0
0
0
0
0
0
0
0
0
0
0
0
0
0
0
0
0
0
0
0
0
0
0
0
0
0
0
0
0
0
0
0
0
0
0
0
0
0
0
0
0
0
0
0
0
0
0
0
0
0
0
0
0
0
0
0
0
0
0
0
0
0
0
0
0
)
;

boundaryField
{
    inlet
    {
        type            calculated;
        value           nonuniform List<scalar> 
20
(
-7.42428e-06
-7.42428e-06
-7.42428e-06
-7.42428e-06
-7.42428e-06
-7.42428e-06
-7.42428e-06
-7.42428e-06
-7.42428e-06
-7.42428e-06
-7.42428e-06
-7.42428e-06
-7.42428e-06
-7.42428e-06
-7.42428e-06
-7.42428e-06
-7.42428e-06
-7.42428e-06
-7.42428e-06
-7.42428e-06
)
;
    }
    outlet
    {
        type            calculated;
        value           uniform 0;
    }
    frontAndBack
    {
        type            empty;
    }
    topAndBottom
    {
        type            calculated;
        value           uniform 0;
    }
    defaultFaces
    {
        type            empty;
    }
}


// ************************************************************************* //
