/*--------------------------------*- C++ -*----------------------------------*\
  =========                 |
  \\      /  F ield         | OpenFOAM: The Open Source CFD Toolbox
   \\    /   O peration     | Website:  https://openfoam.org
    \\  /    A nd           | Version:  11
     \\/     M anipulation  |
\*---------------------------------------------------------------------------*/
FoamFile
{
    format      ascii;
    class       surfaceScalarField;
    location    "8";
    object      phi;
}
// * * * * * * * * * * * * * * * * * * * * * * * * * * * * * * * * * * * * * //

dimensions      [0 3 -1 0 0 0 0];

internalField   nonuniform List<scalar> 
5320
(
0
0
0
0
0
0
0
0
0
0
0
0
0
0
0
0
0
0
0
0
0
0
0
0
0
0
0
0
0
0
0
0
0
0
0
0
0
0
0
0
0
0
0
0
0
0
0
0
0
0
0
0
0
0
0
0
0
0
0
0
0
0
0
0
0
0
0
0
0
0
0
0
0
0
0
0
0
0
0
0
0
0
0
0
0
0
0
0
0
0
0
0
0
0
0
0
0
0
0
0
0
0
0
0
0
0
0
0
0
0
0
0
0
0
0
0
0
0
0
0
0
0
0
0
0
0
0
0
0
0
0
0
0
0
0
0
0
0
0
0
0
0
0
0
0
0
0
0
0
0
0
0
0
0
0
0
0
0
0
0
0
0
0
0
0
0
0
0
0
0
0
0
0
0
0
0
0
0
0
0
0
0
0
0
0
0
0
0
0
0
0
0
0
0
0
0
0
0
0
0
0
0
0
0
0
0
0
0
0
0
0
0
0
0
0
0
0
0
0
0
0
0
0
0
0
0
0
0
0
0
0
0
0
0
0
0
0
0
0
0
0
0
0
0
0
0
0
0
0
0
0
0
0
0
0
0
0
0
0
0
0
0
0
0
0
0
0
0
0
0
0
0
0
0
0
0
0
0
0
0
0
0
0
0
0
0
0
0
0
0
0
0
0
0
0
0
0
0
0
0
0
0
0
0
0
0
0
0
0
0
0
0
0
0
0
0
0
0
0
0
0
0
0
0
0
0
0
0
0
0
0
0
0
0
0
0
0
0
0
0
0
0
0
0
0
0
0
0
0
0
0
0
0
0
0
0
0
0
0
0
0
0
0
0
0
0
0
0
0
0
0
0
0
0
0
0
0
0
0
0
0
0
0
0
0
0
0
0
0
0
0
0
0
0
0
0
0
0
0
0
0
0
0
0
0
0
0
0
0
0
0
0
0
0
0
0
0
0
0
0
0
0
0
0
0
0
0
0
0
0
0
0
0
0
0
0
0
0
0
0
0
0
0
0
0
0
0
0
0
0
0
0
0
0
0
0
0
0
0
0
0
0
0
0
0
0
0
0
0
0
0
0
0
0
0
0
0
0
0
0
0
0
0
0
0
0
0
0
0
0
0
0
0
0
0
0
0
0
0
0
0
0
0
0
0
0
0
0
0
0
0
0
0
0
0
0
0
0
0
0
0
0
0
0
0
0
0
0
0
0
0
0
0
0
0
0
0
0
0
0
0
0
0
0
0
0
0
0
0
0
0
0
0
0
0
0
0
0
0
0
0
0
0
0
0
0
0
0
0
0
0
0
0
0
0
0
0
0
0
0
0
0
0
0
0
0
0
0
0
0
0
0
0
0
0
0
0
0
0
0
0
0
0
0
0
0
0
0
0
0
0
0
0
0
0
0
0
0
0
0
0
0
0
0
0
0
0
0
0
0
0
0
0
0
0
0
0
0
0
0
0
0
0
0
0
0
0
0
0
0
0
0
0
0
0
0
0
0
0
0
0
0
0
0
0
0
0
0
0
0
0
0
0
0
0
0
0
0
0
0
0
0
0
0
0
0
0
0
0
0
0
0
0
0
0
0
0
0
0
0
0
0
0
0
0
0
0
0
0
0
0
0
0
0
0
0
0
0
0
0
0
0
0
0
0
0
0
0
0
0
0
0
0
0
0
0
0
0
0
0
0
0
0
0
0
0
0
0
0
0
0
0
0
0
0
0
0
0
0
0
3.09944e-06
7.62939e-06
-6.4373e-06
7.62939e-06
-7.15256e-06
7.62939e-06
-8.9407e-06
1.52588e-05
-1.85966e-05
0
-1.7643e-05
-7.62939e-06
-2.44379e-05
0
-2.77758e-05
7.62939e-06
-2.69413e-05
7.62939e-06
-2.93255e-05
7.62939e-06
-3.49283e-05
1.52588e-05
-2.87294e-05
0
-2.32458e-05
0
-2.6226e-05
0
-1.60933e-05
0
-4.64916e-06
0
-1.16825e-05
0
-4.17233e-06
0
-2.26498e-06
0
0
3.09944e-06
0
-8.88809e-06
-1.14886e-05
-6.26439e-06
0
-7.32208e-06
0
-2.33206e-05
-1.52588e-05
-1.40822e-05
-8.76531e-06
-2.61868e-05
0
-3.03756e-05
2.227e-05
-2.51117e-05
-7.62939e-06
-2.76654e-05
1.54539e-05
-4.23285e-05
0
-2.80078e-05
-3.39927e-05
-1.98316e-05
-1.52588e-05
-3.15046e-05
-1.01467e-06
-1.77716e-05
0
-4.52995e-06
-1.95493e-05
-1.52244e-05
0
-3.03277e-06
0
-2.38419e-06
6.80422e-05
0
2.86102e-06
6.0721e-06
-8.53417e-06
-4.00252e-05
-6.38191e-06
8.9871e-06
-7.59643e-06
-1.82206e-05
-2.34312e-05
-4.06011e-05
-1.38766e-05
-1.65955e-05
-2.55261e-05
0
-3.17995e-05
0
-2.49754e-05
-7.62939e-06
-2.86821e-05
-2.3269e-05
-4.09871e-05
0
-2.63284e-05
-1.44274e-05
-1.90177e-05
0
-3.14864e-05
2.42633e-05
-1.7464e-05
1.87874e-05
-4.29153e-06
-1.92869e-05
-1.48642e-05
0
-2.77086e-06
3.03141e-05
-2.86102e-06
7.26848e-05
1.52588e-05
2.14577e-06
1.3933e-05
-7.45542e-06
-2.28882e-05
-8.12402e-06
5.85412e-06
-7.48283e-06
0
-2.20661e-05
-1.17829e-05
-1.36329e-05
0
-2.53508e-05
0
-3.15228e-05
5.508e-06
-2.4177e-05
0
-2.70804e-05
-1.53355e-05
-4.37139e-05
-2.03402e-05
-2.87105e-05
-2.30719e-05
-2.01425e-05
-3.6992e-05
-3.39562e-05
0
-1.88459e-05
1.52588e-05
-4.29153e-06
-3.88519e-05
-1.45407e-05
0
-2.61354e-06
5.99566e-05
-3.09944e-06
3.68394e-05
3.05176e-05
1.43051e-06
5.95523e-06
-6.71754e-06
-3.77964e-05
-8.16806e-06
1.98561e-05
-7.97844e-06
-1.04684e-05
-2.31421e-05
-5.05055e-05
-1.40904e-05
-3.22013e-05
-2.49841e-05
-7.62939e-06
-3.21902e-05
0
-2.42655e-05
0
-2.69779e-05
1.86329e-05
-4.18472e-05
-2.08205e-05
-2.67684e-05
-1.79107e-05
-1.83343e-05
-1.33767e-06
-3.01853e-05
1.9215e-05
-1.83077e-05
3.43163e-05
-4.05312e-06
-1.87576e-05
-1.56313e-05
-2.22107e-05
-2.61416e-06
1.52588e-05
-3.09944e-06
6.96709e-05
3.05176e-05
9.53674e-07
1.94968e-05
-4.76477e-06
0
-9.81889e-06
5.7885e-06
-8.19802e-06
-2.15634e-05
-2.12081e-05
-1.38118e-05
-1.339e-05
-1.99499e-05
-2.51462e-05
0
-3.26401e-05
-2.86877e-05
-2.36317e-05
5.74847e-06
-2.85344e-05
2.56835e-05
-4.2186e-05
-1.90551e-05
-2.82994e-05
-3.64372e-05
-1.85545e-05
-1.25961e-05
-3.21022e-05
1.25012e-05
-1.98491e-05
1.52588e-05
-4.17233e-06
0
-1.36871e-05
-4.28985e-05
-2.30008e-06
5.9077e-05
-3.57628e-06
4.45774e-05
1.52588e-05
4.76837e-07
7.62939e-06
-4.31527e-06
-2.01537e-05
-1.03802e-05
2.05824e-05
-8.21746e-06
-1.00197e-05
-2.19714e-05
-3.92342e-05
-1.31761e-05
-2.55644e-05
-2.59436e-05
0
-3.10012e-05
-7.62939e-06
-2.32052e-05
1.395e-05
-2.98106e-05
4.45753e-05
-4.09995e-05
-1.15064e-05
-2.73031e-05
0
-1.83966e-05
-3.9055e-05
-3.01818e-05
3.46791e-05
-1.99793e-05
3.89125e-05
-4.29153e-06
0
-1.33709e-05
-3.05176e-05
-2.29288e-06
1.22326e-05
-3.8147e-06
1.52588e-05
0
0
1.35483e-05
-2.70536e-06
0
-1.14545e-05
1.05438e-05
-8.37509e-06
8.54615e-06
-2.1049e-05
-2.50624e-05
-1.2939e-05
0
-2.7139e-05
-1.07096e-05
-3.12322e-05
-2.72888e-05
-2.22508e-05
1.42436e-05
-3.25211e-05
6.72053e-05
-4.17852e-05
-3.9798e-05
-2.84914e-05
0
-1.77116e-05
-2.32153e-05
-3.08546e-05
3.50679e-05
-2.0716e-05
3.94159e-05
-4.64916e-06
1.99904e-05
-1.29699e-05
-1.56209e-05
-2.30454e-06
0
-3.69549e-06
4.07035e-05
1.52588e-05
0
0
-2.6887e-06
-5.88001e-06
-1.13227e-05
-1.52588e-05
-9.00748e-06
1.92811e-05
-2.07016e-05
0
-1.31874e-05
0
-2.74297e-05
-1.18254e-05
-3.04965e-05
-3.99303e-05
-2.18233e-05
0
-3.67238e-05
3.58837e-05
-4.05899e-05
-2.93993e-05
-3.02102e-05
-5.53396e-05
-1.76579e-05
-4.28693e-05
-3.07351e-05
1.52588e-05
-2.14993e-05
6.01059e-05
-4.58429e-06
1.24729e-05
-1.25204e-05
0
-2.17267e-06
0
-3.93391e-06
5.57625e-05
3.05176e-05
-2.38419e-07
-1.04269e-05
-2.68157e-06
-1.29691e-05
-1.08423e-05
0
-9.34137e-06
-7.62939e-06
-2.03738e-05
1.16526e-05
-1.32989e-05
1.79719e-05
-2.76456e-05
-2.81474e-05
-2.87216e-05
-1.22653e-05
-1.98077e-05
2.75963e-05
-3.81222e-05
8.03945e-05
-3.92006e-05
-5.99503e-05
-2.77698e-05
1.75454e-05
-1.62536e-05
0
-3.06964e-05
0
-2.26346e-05
3.62222e-05
-4.53907e-06
2.69922e-05
-1.2918e-05
-2.00884e-05
-2.24905e-06
0
-4.41074e-06
1.22793e-05
1.52588e-05
-4.76837e-07
0
-2.46865e-06
-2.93513e-05
-1.13634e-05
-1.91979e-05
-8.91436e-06
0
-2.09664e-05
0
-1.36031e-05
0
-2.77175e-05
0
-2.88004e-05
-2.78011e-05
-2.00698e-05
1.63619e-05
-4.17818e-05
3.3473e-05
-3.79541e-05
-2.84609e-05
-3.04895e-05
0
-1.64304e-05
-1.52588e-05
-2.8946e-05
2.24608e-05
-2.26035e-05
2.49373e-05
-4.52363e-06
3.34285e-05
-1.25688e-05
-9.77293e-06
-2.19166e-06
0
-3.93391e-06
4.00831e-05
1.52588e-05
-7.15256e-07
-7.62939e-06
-2.40618e-06
0
-1.05685e-05
0
-8.87342e-06
5.74262e-06
-2.05738e-05
0
-1.36581e-05
0
-2.85798e-05
-1.05271e-05
-2.78557e-05
0
-1.9858e-05
0
-4.29635e-05
1.19735e-05
-3.62179e-05
-1.8042e-05
-3.01615e-05
1.98747e-05
-1.66075e-05
1.5607e-05
-2.90244e-05
0
-2.28376e-05
7.3558e-05
-4.67282e-06
1.52588e-05
-1.27482e-05
-5.42749e-05
-2.14577e-06
-1.99275e-05
-4.29153e-06
3.72431e-05
0
-5.52923e-07
7.62939e-06
-2.4782e-06
-2.80388e-05
-1.0311e-05
7.62939e-06
-9.07029e-06
7.62939e-06
-2.07953e-05
-5.76378e-06
-1.39678e-05
-1.91796e-05
-2.83934e-05
-5.93278e-06
-2.78201e-05
-1.04499e-05
-1.91861e-05
1.16718e-05
-4.29204e-05
1.41448e-05
-3.61264e-05
3.40193e-05
-3.13836e-05
0
-1.66749e-05
1.52588e-05
-2.86028e-05
-1.99842e-05
-2.33614e-05
6.01899e-05
-4.7955e-06
1.17446e-05
-1.12673e-05
-4.19776e-05
-1.66893e-06
1.98539e-05
-4.52995e-06
0
1.52588e-05
-9.5349e-07
0
-2.2607e-06
-2.20123e-05
-1.03866e-05
0
-9.42898e-06
2.18349e-05
-2.06015e-05
-6.61689e-06
-1.39077e-05
-9.72426e-06
-2.86822e-05
-2.7973e-05
-2.76206e-05
-9.45532e-06
-1.95538e-05
0
-4.38445e-05
-2.00736e-05
-3.59933e-05
1.95883e-05
-3.12619e-05
3.508e-05
-1.70798e-05
-3.15824e-05
-2.5779e-05
0
-2.41385e-05
7.48793e-05
-5.22409e-06
1.55498e-05
-1.12008e-05
-5.41878e-05
-1.90735e-06
1.25521e-05
-4.29153e-06
2.02432e-05
0
-1.89631e-06
-2.01646e-05
-1.68284e-06
-7.62939e-06
-9.67424e-06
0
-1.07018e-05
0
-2.04691e-05
-2.22358e-05
-1.39748e-05
-2.05801e-05
-2.76658e-05
-7.62939e-06
-2.63184e-05
0
-1.92455e-05
0
-4.26009e-05
9.37819e-07
-3.77402e-05
1.84261e-05
-3.1842e-05
-1.73014e-05
-1.60263e-05
1.52588e-05
-2.51722e-05
1.87533e-05
-2.56948e-05
4.78168e-05
-5.53078e-06
3.56956e-06
-1.02836e-05
-3.05176e-05
-2.02656e-06
0
-4.52995e-06
-1.52588e-05
1.52588e-05
-1.60175e-06
-1.04094e-05
-1.73502e-06
-1.27845e-05
-9.65974e-06
-1.15682e-05
-1.12473e-05
-5.49363e-06
-1.98977e-05
-1.94013e-05
-1.38127e-05
-1.52588e-05
-2.82058e-05
-9.9386e-06
-2.71825e-05
-9.36158e-06
-1.95371e-05
-6.18494e-06
-4.18475e-05
-2.02272e-05
-3.62468e-05
2.2657e-05
-3.07133e-05
1.46453e-05
-1.7056e-05
1.8707e-05
-2.49506e-05
-5.01734e-06
-2.60308e-05
5.02475e-05
-5.99439e-06
0
-9.83766e-06
-1.22025e-05
-1.90735e-06
1.99323e-05
-4.29153e-06
2.3478e-06
0
-1.91279e-06
-5.92827e-06
-1.68576e-06
-6.30958e-06
-9.76153e-06
-5.73858e-06
-1.15882e-05
-2.7692e-05
-1.9555e-05
0
-1.38815e-05
-1.41598e-05
-2.75254e-05
-1.85448e-05
-2.667e-05
0
-1.92064e-05
7.62939e-06
-4.11296e-05
1.16192e-05
-3.92359e-05
1.52588e-05
-3.1839e-05
-1.81648e-05
-1.69291e-05
0
-2.30277e-05
0
-2.59913e-05
1.45301e-05
-5.89848e-06
3.53324e-05
-1.00357e-05
-3.81312e-05
-1.89013e-06
0
-4.17233e-06
-2.13998e-05
0
-1.73252e-06
-7.62939e-06
-1.90735e-06
-2.00216e-05
-1.00284e-05
-1.59914e-05
-1.06637e-05
0
-2.02132e-05
0
-1.37074e-05
0
-2.75566e-05
-7.62939e-06
-2.6695e-05
1.52588e-05
-1.93714e-05
0
-4.02786e-05
4.03935e-05
-3.79612e-05
1.98442e-05
-3.01131e-05
-1.23314e-05
-1.70024e-05
0
-2.20572e-05
6.92898e-07
-2.70328e-05
1.83722e-05
-6.56621e-06
0
-9.16776e-06
-3.54123e-05
-1.9693e-06
-1.52588e-05
-3.8147e-06
0
1.52588e-05
-2.15242e-06
-2.28882e-05
-1.56981e-06
0
-9.5678e-06
-7.62939e-06
-1.07206e-05
0
-2.02935e-05
-7.62939e-06
-1.40973e-05
0
-2.70936e-05
0
-2.74534e-05
7.62939e-06
-1.95311e-05
0
-4.33092e-05
0
-3.89866e-05
1.52588e-05
-2.96581e-05
-1.52588e-05
-1.70508e-05
0
-2.15446e-05
1.52588e-05
-2.6535e-05
0
-6.63854e-06
1.52588e-05
-8.81822e-06
0
-1.78029e-06
0
-3.69549e-06
1.52588e-05
1.52588e-05
-1.43051e-06
-2.14577e-06
-8.10623e-06
-1.21593e-05
-1.70469e-05
-1.72853e-05
-2.39611e-05
-2.57492e-05
-2.37226e-05
-3.57628e-05
-3.54052e-05
-2.83718e-05
-2.09808e-05
-2.15769e-05
-2.11e-05
-8.58307e-06
-7.39098e-06
-2.14577e-06
-3.93391e-06
0
0
0
0
0
0
0
0
0
0
0
0
0
0
0
0
0
0
0
0
0
0
0
0
0
0
0
0
0
0
0
0
0
0
0
0
0
0
0
0
0
0
0
0
0
0
0
0
0
0
0
0
0
0
0
0
0
0
0
0
0
0
0
0
0
0
0
0
0
0
0
0
0
0
0
0
0
0
0
0
0
0
0
0
0
0
0
0
0
0
0
0
0
0
0
0
0
0
0
0
0
0
0
0
0
0
0
0
0
0
0
0
0
0
0
0
0
0
0
0
0
0
0
0
0
0
0
0
0
0
0
0
0
0
0
0
0
0
0
0
0
0
0
0
0
0
0
0
0
0
0
0
0
0
0
0
0
0
0
0
0
0
0
0
0
0
0
0
0
0
0
0
0
0
0
0
0
0
0
0
0
0
0
0
0
0
0
0
0
0
0
0
0
0
0
0
0
0
0
0
0
0
0
0
0
0
0
0
0
0
0
0
0
0
0
0
0
0
0
0
0
0
0
0
0
0
0
0
0
0
0
0
0
0
0
0
0
0
0
0
0
0
0
0
0
0
0
0
0
0
0
0
0
0
0
0
0
0
0
0
0
0
0
0
0
0
0
0
0
0
0
0
0
0
0
0
0
0
0
0
0
0
0
0
0
0
0
0
0
0
0
0
0
0
0
0
0
0
0
0
0
0
0
0
0
0
0
0
0
0
0
0
0
0
0
0
0
0
0
0
0
0
0
0
0
0
0
0
0
0
0
0
0
0
0
0
0
0
0
0
0
0
0
0
0
0
0
0
0
0
0
0
0
0
0
0
0
0
0
0
0
0
0
0
0
0
0
0
0
0
0
0
0
0
0
0
0
0
0
0
0
0
0
0
0
0
0
0
0
0
0
0
0
0
0
0
0
0
0
0
0
0
0
0
0
0
0
0
0
0
0
0
0
0
0
0
0
0
0
0
0
0
0
0
0
0
0
0
0
0
0
0
0
0
0
0
0
0
0
0
0
0
0
0
0
0
0
0
0
0
0
0
0
0
0
0
0
0
0
0
0
0
0
0
0
0
0
0
0
0
0
0
0
0
0
0
0
0
0
0
0
0
0
0
0
0
0
0
0
0
0
0
0
0
0
0
0
0
0
0
0
0
0
0
0
0
0
0
0
0
0
0
0
0
0
0
0
0
0
0
0
0
0
0
0
0
0
0
0
0
0
0
0
0
0
0
0
0
0
0
0
0
0
0
0
0
0
0
0
0
0
0
0
0
0
0
0
0
0
0
0
0
0
0
0
0
0
0
0
0
0
0
0
0
0
0
0
0
0
0
0
0
0
0
0
0
0
0
0
0
0
0
0
0
0
0
0
0
0
0
0
0
0
0
0
0
0
0
0
0
0
0
0
0
0
0
0
0
0
0
0
0
0
0
0
0
0
0
0
0
0
0
0
0
0
0
0
0
0
0
0
0
0
0
0
0
0
0
0
0
0
0
0
0
0
0
0
0
0
0
0
0
0
0
0
0
0
0
0
0
0
0
0
0
0
0
0
0
0
0
0
0
0
0
0
0
0
0
0
0
0
0
0
0
0
0
0
0
0
0
0
0
0
0
0
0
0
0
0
0
0
0
0
0
0
0
0
0
0
0
0
0
0
0
0
0
0
0
0
0
0
0
0
0
0
0
0
0
0
0
0
0
0
0
0
0
0
0
0
0
0
0
0
0
0
0
0
0
0
0
0
0
0
0
0
0
0
0
0
0
0
0
0
0
0
0
0
0
0
0
0
0
0
0
0
0
0
0
0
0
0
0
0
0
0
0
0
0
0
0
0
0
0
0
0
0
0
0
0
0
0
0
0
0
0
0
0
0
0
0
0
0
0
0
0
0
0
0
0
0
0
0
0
0
0
0
0
0
0
0
0
0
0
0
0
0
0
0
0
0
0
0
0
0
0
0
0
0
0
0
0
0
0
0
0
0
0
0
0
0
0
0
0
0
0
0
0
0
0
0
0
0
0
0
0
0
0
0
0
0
0
0
0
0
0
0
0
0
0
0
0
0
0
0
0
0
0
0
0
0
0
0
0
0
0
0
0
0
0
0
0
0
0
0
0
0
0
0
0
0
0
0
0
0
0
0
0
0
0
0
0
0
0
0
0
0
0
0
0
0
0
0
0
0
0
0
0
0
0
0
0
0
0
0
0
0
0
0
0
0
0
0
0
0
0
0
0
0
0
0
0
0
0
0
0
0
0
0
0
0
0
0
0
0
0
0
0
0
0
0
0
0
0
0
0
0
0
0
0
0
0
0
0
0
0
0
0
0
0
0
0
0
0
0
0
0
0
0
0
0
0
0
0
0
0
0
0
0
0
0
0
0
0
0
0
0
0
0
0
0
0
0
0
0
0
0
0
0
0
0
0
0
0
0
0
0
0
0
0
0
0
0
0
0
0
0
0
0
0
0
0
0
0
0
0
0
0
0
0
0
0
0
0
0
0
0
0
0
0
0
0
0
0
0
0
0
0
0
0
0
0
0
0
0
0
0
0
0
0
0
0
0
0
0
0
0
0
0
0
0
0
0
0
0
0
0
0
0
0
0
0
0
0
0
0
0
0
0
0
0
0
0
0
0
0
0
0
0
0
0
0
0
0
0
0
0
0
0
0
0
0
0
0
0
0
0
0
0
0
0
0
0
0
0
0
0
0
0
0
0
0
0
0
0
0
0
0
0
0
0
0
0
0
0
0
0
0
0
0
0
0
0
0
0
0
0
0
0
0
0
0
0
0
0
0
0
0
0
0
0
0
0
0
0
0
0
0
0
0
0
0
0
0
0
0
0
0
0
0
0
0
0
0
0
0
0
0
0
0
0
0
0
0
0
0
0
0
0
0
0
0
0
0
0
0
0
0
0
0
0
0
0
0
0
0
0
0
0
0
0
0
0
0
0
0
0
0
0
0
0
0
0
0
0
0
0
0
0
0
0
0
0
0
0
0
0
0
0
0
0
0
0
0
0
0
0
0
0
0
0
0
0
0
0
0
0
0
0
0
0
0
0
0
0
0
0
0
0
0
0
0
0
0
0
0
0
0
0
0
0
0
0
0
0
0
0
0
0
0
0
0
0
0
0
0
0
0
0
0
0
0
0
0
0
0
0
0
0
0
0
0
0
0
0
0
0
0
0
0
0
0
0
0
0
0
0
0
0
0
0
0
0
0
0
0
0
0
0
0
0
0
0
0
0
0
0
0
0
0
0
0
0
0
0
0
0
0
0
0
0
0
0
0
0
0
0
0
0
0
0
0
0
0
0
0
0
0
0
0
0
0
0
0
0
0
0
0
0
0
0
0
0
0
0
0
0
0
0
0
0
0
0
0
0
0
0
0
0
0
0
0
0
0
0
0
0
0
0
0
0
0
0
0
0
0
0
0
0
0
0
0
0
0
0
0
0
0
0
0
0
0
0
0
0
0
0
0
0
0
0
0
0
0
0
0
0
0
0
0
0
0
0
0
0
0
0
0
0
0
0
0
0
0
0
0
0
0
0
0
0
0
0
0
0
0
0
0
0
0
0
0
0
0
0
0
0
0
0
0
0
0
0
0
0
0
0
0
0
0
0
0
0
0
0
0
0
0
0
0
0
0
0
0
0
0
0
0
0
0
0
0
0
0
0
0
0
0
0
0
0
0
0
0
0
0
0
0
0
0
0
0
0
0
0
0
0
0
0
0
0
0
0
0
0
0
0
0
0
0
0
0
0
0
0
0
0
0
0
0
0
0
0
0
0
0
0
0
0
0
0
0
0
0
0
0
0
0
0
0
0
0
0
0
0
0
0
0
0
0
0
0
0
0
0
0
0
0
0
0
0
0
0
0
0
0
0
0
0
0
0
0
0
0
0
0
0
0
0
0
0
0
0
0
0
0
0
0
0
0
0
0
0
0
0
0
0
0
0
0
0
0
0
0
0
0
0
0
0
0
0
0
0
0
0
0
0
0
0
0
0
0
0
0
0
0
0
0
0
0
0
0
0
0
0
0
0
0
0
0
0
0
0
0
0
0
0
0
0
0
0
0
0
0
0
0
0
0
0
0
0
0
0
0
0
0
0
0
0
0
0
0
0
0
0
0
0
0
0
0
0
0
0
0
0
0
0
0
0
0
0
0
0
0
0
0
0
0
0
0
0
0
0
0
0
0
0
0
0
0
0
0
0
0
0
0
0
0
0
0
0
0
0
0
0
0
0
0
0
0
0
0
0
0
0
0
0
0
0
0
0
0
0
0
0
0
0
0
0
0
0
0
0
0
0
0
0
0
0
0
0
0
0
0
0
0
0
0
0
0
0
0
0
0
0
0
0
0
0
0
0
0
0
0
0
0
0
0
0
0
0
0
0
0
0
0
0
0
0
0
0
0
0
0
0
0
0
0
0
0
0
0
0
0
0
0
0
0
0
0
0
0
0
0
0
0
0
0
0
0
0
0
0
0
0
0
0
0
0
0
0
0
0
0
0
0
0
0
0
0
0
0
0
0
0
0
0
0
0
0
0
0
0
0
0
0
0
0
0
0
0
0
0
0
0
0
0
0
0
0
0
0
0
0
0
0
0
0
0
0
0
0
0
0
0
0
0
0
0
0
0
0
0
0
0
0
0
0
0
0
0
0
0
0
0
0
0
0
0
0
0
0
0
0
0
0
0
0
0
0
0
0
0
0
0
0
0
0
0
0
0
0
0
0
0
0
0
0
0
0
0
0
0
0
0
0
0
0
0
0
0
0
0
0
0
0
0
0
0
0
0
0
0
0
0
0
0
0
0
0
0
0
0
0
0
0
0
0
0
0
0
0
0
0
0
0
0
0
0
0
0
0
0
0
0
0
0
0
0
0
0
0
0
0
0
0
0
0
0
0
0
0
0
0
0
0
0
0
0
0
0
0
0
0
0
0
0
0
0
0
0
0
0
0
0
0
0
0
0
0
0
0
0
0
0
0
0
0
0
0
0
0
0
0
0
0
0
0
0
0
0
0
0
0
0
0
0
0
0
0
0
0
0
0
0
0
0
0
0
0
0
0
0
0
0
0
0
0
0
0
0
0
0
0
0
0
0
0
0
0
0
0
0
0
0
0
0
0
0
0
0
0
0
0
0
0
0
0
0
0
0
0
0
0
0
0
0
0
0
0
0
0
0
0
0
0
0
0
0
0
0
0
0
0
0
0
0
0
0
0
0
0
0
0
0
0
0
0
0
0
0
0
0
0
0
0
0
0
0
0
0
0
0
0
0
0
0
0
0
0
0
0
0
0
0
0
0
0
0
0
0
0
0
0
0
0
0
0
0
0
0
0
0
0
0
0
0
0
0
0
0
0
0
0
0
0
0
0
0
0
0
0
0
0
0
0
0
0
0
0
0
0
0
0
0
0
0
0
0
0
0
0
0
0
0
0
0
0
0
0
0
0
0
0
0
0
0
0
0
0
0
0
0
0
0
0
0
0
0
0
0
0
0
0
0
0
0
0
0
0
0
0
0
0
0
0
0
0
0
0
0
0
0
0
0
0
0
0
0
0
0
0
0
0
0
0
0
0
0
0
0
0
0
0
0
0
0
0
0
0
0
0
0
0
0
0
0
0
0
0
0
0
0
0
0
0
0
0
0
0
0
0
0
0
0
0
0
0
0
0
0
0
0
0
0
0
0
0
0
0
0
0
0
0
0
0
0
0
0
0
0
0
0
0
0
0
0
0
0
0
0
0
0
0
0
0
0
0
0
0
0
0
0
0
0
0
0
0
0
0
0
0
0
0
0
0
0
0
0
0
0
0
0
0
0
0
0
0
0
0
0
0
0
0
0
0
0
0
0
0
0
0
0
0
0
0
0
0
0
0
0
0
0
0
0
0
0
0
0
0
0
0
0
0
0
0
0
0
0
0
0
0
0
0
0
0
0
0
0
0
0
0
0
0
0
0
0
0
0
0
0
0
0
0
0
0
0
0
0
0
0
0
0
0
0
0
0
0
0
0
0
0
0
0
0
0
0
0
0
0
0
0
0
0
0
0
0
0
0
0
0
0
0
0
0
0
0
0
0
0
0
0
0
0
0
0
0
0
0
0
0
0
0
0
0
0
0
0
0
0
0
0
0
0
0
0
0
0
0
0
0
0
0
0
0
0
0
0
0
0
0
0
0
0
0
0
0
0
0
0
0
0
0
0
0
0
0
0
0
0
0
0
0
0
0
0
0
0
0
0
0
0
0
0
0
0
0
0
0
0
0
0
0
0
0
0
0
0
0
0
0
0
0
0
0
0
0
0
0
0
0
0
0
0
0
0
0
0
0
0
0
0
0
0
0
0
0
0
0
0
0
0
0
0
0
0
0
0
0
0
0
0
0
0
0
0
0
0
0
0
0
0
0
0
0
0
0
0
0
0
0
0
0
0
0
0
0
0
0
0
0
0
0
0
0
0
0
0
0
0
0
0
0
0
0
0
0
0
0
0
0
0
0
0
0
0
0
0
0
0
0
0
0
0
0
0
0
0
0
0
0
0
0
0
0
0
0
0
0
0
0
0
0
0
0
0
0
0
0
0
0
0
0
0
0
0
0
0
0
0
0
0
0
0
0
0
0
0
0
0
0
0
0
0
0
0
0
0
0
0
0
0
0
0
0
0
0
0
0
0
0
0
0
0
0
0
0
0
0
0
0
0
0
0
0
0
0
0
0
0
0
0
0
0
0
0
0
0
0
0
0
0
0
0
0
0
0
0
0
0
0
0
0
0
0
0
0
0
0
0
0
0
0
0
0
0
0
0
0
0
0
0
0
0
0
0
0
0
0
0
0
0
0
0
0
0
0
0
0
0
0
0
0
0
0
0
0
0
0
0
0
0
0
0
0
0
0
0
0
0
0
0
0
0
0
0
0
0
0
0
0
0
0
0
0
0
0
0
0
0
0
0
0
0
0
0
0
0
0
0
0
0
0
0
0
0
0
0
0
0
0
0
0
0
0
0
0
0
0
0
0
0
0
0
0
0
0
0
0
0
0
0
0
0
0
0
0
0
0
0
0
0
0
0
0
0
0
0
0
0
0
0
0
0
0
0
0
0
0
0
0
0
0
0
0
0
0
0
0
0
0
0
0
0
0
0
0
0
0
0
0
0
0
0
0
0
0
0
0
0
0
0
0
0
0
0
0
0
0
0
0
0
0
0
0
0
0
0
0
0
0
0
0
0
0
0
0
0
0
0
0
0
0
0
0
0
0
0
0
0
0
0
0
0
0
0
0
0
0
0
0
0
0
0
0
0
0
0
0
0
0
0
0
0
0
0
0
0
0
0
0
0
0
0
0
0
0
0
0
0
0
0
0
0
0
0
0
0
0
0
0
0
0
0
0
0
0
0
0
0
0
0
0
0
0
0
0
0
0
0
0
0
0
0
0
0
0
0
0
0
0
0
0
0
0
0
0
0
0
0
0
0
0
0
0
0
0
0
0
0
0
0
0
0
0
0
0
0
0
0
0
0
0
0
0
0
0
0
0
0
0
0
0
0
0
0
0
0
0
0
0
0
0
0
0
0
0
0
0
0
0
0
0
0
0
0
0
0
0
0
0
0
0
0
0
0
0
0
0
0
0
0
0
0
0
0
0
0
0
0
0
0
0
0
0
0
0
0
0
0
0
0
0
0
0
0
0
0
0
0
0
0
0
0
0
0
0
0
0
0
0
0
0
0
0
0
0
0
0
0
0
0
0
0
0
0
0
0
0
0
0
0
0
0
0
0
0
0
0
0
0
0
0
0
0
0
0
0
0
0
0
0
0
0
0
0
0
0
0
0
0
0
0
0
0
0
0
0
0
0
0
0
0
0
0
0
0
0
0
0
0
0
0
0
0
0
0
0
0
0
0
0
0
0
0
0
0
0
0
0
0
0
0
0
0
0
0
0
0
0
0
0
0
0
0
0
0
0
0
0
0
0
0
0
0
0
0
0
0
0
0
0
0
0
0
0
0
0
0
0
0
0
0
0
0
0
0
0
0
0
0
0
0
0
0
0
0
0
0
0
0
0
0
0
0
0
0
0
0
0
0
0
0
0
0
0
0
0
0
0
0
0
0
0
0
0
0
0
0
0
0
0
0
0
0
0
0
0
0
0
0
0
0
0
0
0
0
0
0
0
0
0
0
0
0
0
0
0
0
0
0
0
0
0
0
0
0
0
0
0
0
0
0
0
0
0
0
0
0
0
0
0
0
0
0
0
0
0
0
0
0
0
0
0
0
0
0
0
0
0
0
0
0
0
0
0
0
0
0
0
0
0
0
0
0
0
0
0
0
0
0
0
0
0
0
0
0
0
0
0
0
0
0
0
0
0
0
0
0
0
0
0
0
0
0
0
0
0
0
0
0
0
0
0
0
0
0
0
0
0
0
0
0
0
0
0
0
0
0
0
0
0
0
0
0
0
0
0
0
0
0
0
0
0
0
0
0
0
0
0
0
0
0
0
0
0
0
0
0
0
0
0
0
0
0
0
0
0
0
0
0
0
0
0
0
0
0
0
0
0
0
0
0
0
0
0
0
0
0
0
0
0
0
0
0
0
0
0
0
0
0
0
0
0
0
0
0
0
0
0
0
)
;

boundaryField
{
    inlet
    {
        type            calculated;
        value           nonuniform List<scalar> 
20
(
-7.42428e-06
-7.42428e-06
-7.42428e-06
-7.42428e-06
-7.42428e-06
-7.42428e-06
-7.42428e-06
-7.42428e-06
-7.42428e-06
-7.42428e-06
-7.42428e-06
-7.42428e-06
-7.42428e-06
-7.42428e-06
-7.42428e-06
-7.42428e-06
-7.42428e-06
-7.42428e-06
-7.42428e-06
-7.42428e-06
)
;
    }
    outlet
    {
        type            calculated;
        value           uniform 0;
    }
    frontAndBack
    {
        type            empty;
    }
    topAndBottom
    {
        type            calculated;
        value           uniform 0;
    }
    defaultFaces
    {
        type            empty;
    }
}


// ************************************************************************* //
