/*--------------------------------*- C++ -*----------------------------------*\
  =========                 |
  \\      /  F ield         | OpenFOAM: The Open Source CFD Toolbox
   \\    /   O peration     | Website:  https://openfoam.org
    \\  /    A nd           | Version:  11
     \\/     M anipulation  |
\*---------------------------------------------------------------------------*/
FoamFile
{
    format      ascii;
    class       surfaceScalarField;
    location    "26";
    object      phi;
}
// * * * * * * * * * * * * * * * * * * * * * * * * * * * * * * * * * * * * * //

dimensions      [0 3 -1 0 0 0 0];

internalField   nonuniform List<scalar> 
5320
(
0
0
0
0
0
0
0
0
0
0
0
0
0
0
0
0
0
0
0
0
0
0
0
0
0
0
0
0
0
0
0
0
0
0
0
0
0
0
0
0
0
0
0
0
0
0
0
0
0
0
0
0
0
0
0
0
0
0
0
0
0
0
0
0
0
0
0
0
0
0
0
0
0
0
0
0
0
0
0
0
0
0
0
0
0
0
0
0
0
0
0
0
0
0
0
0
0
0
0
0
0
0
0
0
0
0
0
0
0
0
0
0
0
0
0
0
0
0
0
0
0
0
0
0
0
0
0
0
0
0
0
0
0
0
0
0
0
0
0
0
0
0
0
0
0
0
0
0
0
0
0
0
0
0
0
0
0
0
0
0
0
0
0
0
0
0
0
0
0
0
0
0
0
0
0
0
0
0
0
0
0
0
0
0
0
0
0
0
0
0
0
0
0
0
0
0
0
0
0
0
0
0
0
0
0
0
0
0
0
0
0
0
0
0
0
0
0
0
0
0
0
0
0
0
0
0
0
0
0
0
0
0
0
0
0
0
0
0
0
0
0
0
0
0
0
0
0
0
0
0
0
0
0
0
0
0
0
0
0
0
0
0
0
0
0
0
0
0
0
0
0
0
0
0
0
0
0
0
0
0
0
0
0
0
0
0
0
0
0
0
0
0
0
0
0
0
0
0
0
0
0
0
0
0
0
0
0
0
0
0
0
0
0
0
0
0
0
0
0
0
0
0
0
0
0
0
0
0
0
0
0
0
0
0
0
0
0
0
0
0
0
0
0
0
0
0
0
0
0
0
0
0
0
0
0
0
0
0
0
0
0
0
0
0
0
0
0
0
0
0
0
0
0
0
0
0
0
0
0
0
0
0
0
0
0
0
0
0
0
0
0
0
0
0
0
0
0
0
0
0
0
0
0
0
0
0
0
0
0
0
0
0
0
0
0
0
0
0
0
0
0
0
0
0
0
0
0
0
0
0
0
0
0
0
0
0
0
0
0
0
0
0
0
0
0
0
0
0
0
0
0
0
0
0
0
0
0
0
0
0
0
0
0
0
0
0
0
0
0
0
0
0
0
0
0
0
0
0
0
0
0
0
0
0
0
0
0
0
0
0
0
0
0
0
0
0
0
0
0
0
0
0
0
0
0
0
0
0
0
0
0
0
0
0
0
0
0
0
0
0
0
0
0
0
0
0
0
0
0
0
0
0
0
0
0
0
0
0
0
0
0
0
0
0
0
0
0
0
0
0
0
0
0
0
0
0
0
0
0
0
0
0
0
0
0
0
0
0
0
0
0
0
0
0
0
0
0
0
0
0
0
0
0
0
0
0
0
0
0
0
0
0
0
0
0
0
0
0
0
0
0
0
0
0
0
0
0
0
0
0
0
0
0
0
0
0
0
0
0
0
0
0
0
0
0
0
0
0
0
0
0
0
0
0
0
0
0
0
0
0
0
0
0
0
0
0
0
0
0
0
0
0
0
0
0
0
0
0
0
0
0
0
0
0
0
0
0
0
0
0
0
0
0
0
0
0
0
0
0
0
0
0
0
0
0
0
0
0
0
0
0
0
0
0
0
0
0
0
0
0
0
0
0
0
0
0
0
0
0
0
0
0
0
0
0
0
0
0
0
0
0
0
0
0
0
0
0
0
0
0
0
0
0
0
0
0
0
0
0
0
0
0
0
0
0
0
0
0
0
0
0
0
0
0
0
0
0
0
0
0
3.09944e-06
1.52588e-05
-6.67572e-06
7.62939e-06
-7.15256e-06
7.62939e-06
-8.9407e-06
7.62939e-06
-1.84774e-05
0
-1.75238e-05
-7.62939e-06
-2.44379e-05
0
-2.76566e-05
1.52588e-05
-2.70605e-05
1.52588e-05
-2.94447e-05
7.62939e-06
-3.49283e-05
0
-2.87294e-05
-1.52588e-05
-2.32458e-05
0
-2.6226e-05
0
-1.62125e-05
0
-4.64916e-06
-1.52588e-05
-1.15633e-05
0
-4.05312e-06
0
-2.26498e-06
0
0
3.09944e-06
0
-8.69364e-06
-1.02722e-05
-6.06048e-06
0
-7.43183e-06
0
-2.41718e-05
-5.11213e-06
-1.41125e-05
-1.63925e-05
-2.80549e-05
0
-3.22763e-05
2.82612e-05
-2.36236e-05
-7.62939e-06
-2.59634e-05
1.59765e-05
-4.44088e-05
0
-2.63941e-05
-1.87068e-05
-1.95437e-05
-1.52588e-05
-3.26912e-05
-1.71592e-06
-1.87286e-05
0
-4.52995e-06
-1.98153e-05
-1.51865e-05
0
-3.07499e-06
0
-2.26498e-06
5.05169e-05
0
2.86102e-06
6.23665e-06
-8.59144e-06
-4.02079e-05
-6.09956e-06
8.8631e-06
-7.55127e-06
-2.58324e-05
-2.42225e-05
-4.08622e-05
-1.37862e-05
-8.95974e-06
-2.7482e-05
0
-3.40291e-05
0
-2.34457e-05
-7.62939e-06
-2.66541e-05
-3.54082e-05
-4.34079e-05
0
-2.53677e-05
-3.5204e-06
-1.87799e-05
0
-3.20363e-05
2.52329e-05
-1.84099e-05
4.15437e-06
-4.29153e-06
-1.85401e-05
-1.47784e-05
0
-3.15936e-06
2.24588e-05
-2.74181e-06
8.09034e-05
1.52588e-05
2.14577e-06
1.19213e-05
-7.41058e-06
-1.52588e-05
-8.70882e-06
1.34501e-05
-7.48179e-06
0
-2.27786e-05
-2.19302e-05
-1.37107e-05
0
-2.72593e-05
0
-3.32572e-05
1.52588e-05
-2.31524e-05
0
-2.58218e-05
-1.544e-05
-4.58736e-05
-3.94795e-05
-2.72385e-05
-1.97228e-05
-1.97586e-05
-3.69755e-05
-3.54864e-05
-1.52588e-05
-1.99334e-05
1.22427e-05
-4.29153e-06
-3.89355e-05
-1.47853e-05
0
-3.45707e-06
4.53276e-05
-3.21865e-06
3.67873e-05
3.05176e-05
1.66893e-06
6.88895e-06
-6.88427e-06
-3.99088e-05
-8.34151e-06
2.18334e-05
-7.97676e-06
-8.87954e-06
-2.4084e-05
-5.08796e-05
-1.40073e-05
-3.2193e-05
-2.64466e-05
-7.62939e-06
-3.41279e-05
0
-2.31697e-05
0
-2.52404e-05
1.86117e-05
-4.33297e-05
-2.11473e-05
-2.5857e-05
-1.52588e-05
-1.82033e-05
-1.65131e-05
-3.16541e-05
3.50155e-06
-1.92877e-05
4.94213e-05
-4.05312e-06
-3.48475e-06
-1.58156e-05
-4.02536e-05
-3.33786e-06
1.25363e-05
-3.09944e-06
7.8856e-05
3.05176e-05
9.53674e-07
1.90813e-05
-4.90913e-06
0
-1.04428e-05
7.62939e-06
-8.21358e-06
-2.02972e-05
-2.17054e-05
-1.36133e-05
-1.34742e-05
-2.75767e-05
-2.65008e-05
0
-3.46434e-05
-2.78163e-05
-2.27634e-05
1.52588e-05
-2.72927e-05
2.45576e-05
-4.44203e-05
-1.90977e-05
-2.78912e-05
-3.64169e-05
-1.86458e-05
-1.25981e-05
-3.33531e-05
1.52588e-05
-2.04937e-05
2.36144e-05
-4.05312e-06
0
-1.36787e-05
-3.71979e-05
-3.09944e-06
4.47659e-05
-3.69549e-06
3.8874e-05
1.52588e-05
7.15256e-07
7.62939e-06
-4.98677e-06
-2.18585e-05
-1.07894e-05
2.84626e-05
-8.31287e-06
-1.00355e-05
-2.30157e-05
-3.94986e-05
-1.32555e-05
-2.2299e-05
-2.80815e-05
0
-3.27847e-05
-7.58122e-06
-2.21319e-05
2.06483e-05
-2.80573e-05
4.41716e-05
-4.31022e-05
-2.7112e-05
-2.6802e-05
0
-1.82089e-05
-3.92131e-05
-3.15815e-05
1.52588e-05
-2.09704e-05
4.37644e-05
-4.52995e-06
0
-1.36768e-05
-2.92291e-05
-3.21865e-06
-3.05634e-06
-3.8147e-06
0
0
0
6.13219e-06
-2.86689e-06
0
-1.19022e-05
9.94557e-06
-8.36936e-06
1.62368e-05
-2.18017e-05
-2.93372e-05
-1.28529e-05
0
-2.89219e-05
-1.77057e-05
-3.32331e-05
-2.60173e-05
-2.18445e-05
1.52588e-05
-3.38686e-05
5.12445e-05
-4.40171e-05
-4.02749e-05
-2.86487e-05
0
-1.75844e-05
-2.08736e-05
-3.18906e-05
1.11837e-05
-2.13602e-05
4.96535e-05
-4.52995e-06
4.789e-06
-1.2648e-05
-1.52588e-05
-2.98023e-06
0
-3.69549e-06
5.11326e-05
1.52588e-05
-2.38419e-07
0
-2.93397e-06
-6.69807e-06
-1.18786e-05
-7.62939e-06
-8.81708e-06
9.75076e-06
-2.13452e-05
0
-1.30468e-05
0
-2.94767e-05
-6.91135e-06
-3.24541e-05
-4.04321e-05
-2.09461e-05
0
-3.82209e-05
5.24801e-05
-4.26193e-05
-3.05176e-05
-3.20571e-05
-4.01426e-05
-1.72666e-05
-5.60523e-05
-3.25514e-05
1.2153e-05
-2.29281e-05
4.06485e-05
-4.88758e-06
1.25951e-05
-1.27454e-05
0
-2.6226e-06
0
-3.93391e-06
4.12688e-05
1.52588e-05
-4.76837e-07
-1.01705e-05
-2.66983e-06
-2.2375e-05
-1.13538e-05
0
-9.16748e-06
-7.62939e-06
-2.1264e-05
9.77369e-06
-1.32723e-05
1.04662e-05
-2.97911e-05
-1.99958e-05
-3.01256e-05
-1.33452e-05
-1.97933e-05
2.77955e-05
-4.04775e-05
8.36236e-05
-4.09747e-05
-4.03074e-05
-2.90645e-05
1.75868e-05
-1.65958e-05
0
-3.1599e-05
0
-2.23313e-05
4.18781e-05
-5.00679e-06
2.40997e-05
-1.29677e-05
-1.99038e-05
-2.38419e-06
0
-4.17233e-06
1.22382e-05
0
-3.03093e-07
0
-2.64272e-06
-2.02404e-05
-1.16666e-05
-2.68331e-05
-8.74771e-06
0
-2.19808e-05
0
-1.35076e-05
0
-2.95214e-05
0
-3.08707e-05
-2.98248e-05
-2.03336e-05
7.62939e-06
-4.53974e-05
4.40268e-05
-4.06822e-05
-3.82609e-05
-3.25659e-05
0
-1.66791e-05
0
-3.04417e-05
3.61859e-05
-2.41933e-05
2.48363e-05
-5.36442e-06
2.86897e-05
-1.2524e-05
-3.05176e-05
-2.06664e-06
0
-4.05312e-06
3.90861e-05
1.52588e-05
-7.61809e-07
-7.62939e-06
-2.44401e-06
0
-1.10141e-05
0
-8.81067e-06
9.72621e-06
-2.15071e-05
0
-1.36294e-05
0
-3.00728e-05
-1.0272e-05
-2.90222e-05
0
-1.94756e-05
0
-4.43812e-05
3.98469e-05
-3.83558e-05
-1.15004e-05
-3.17777e-05
1.87459e-05
-1.65143e-05
1.52588e-05
-3.02075e-05
0
-2.3205e-05
7.56426e-05
-6.19888e-06
1.37283e-05
-1.32471e-05
-6.63041e-05
-2.02656e-06
-1.52588e-05
-4.29153e-06
3.85221e-05
0
-7.15256e-07
1.52588e-05
-2.48015e-06
-2.79615e-05
-1.06703e-05
7.62939e-06
-8.99411e-06
5.2847e-06
-2.19573e-05
-5.7525e-06
-1.38652e-05
-1.81368e-05
-3.02679e-05
-1.3221e-05
-2.94498e-05
-9.87904e-06
-1.94212e-05
1.1658e-05
-4.53931e-05
-1.17574e-06
-3.7766e-05
1.9417e-05
-3.27703e-05
0
-1.66706e-05
1.52588e-05
-3.02594e-05
-1.87609e-05
-2.41225e-05
5.90131e-05
-6.07967e-06
2.43932e-05
-1.13458e-05
-5.80886e-05
-1.78814e-06
1.99361e-05
-4.52995e-06
0
1.52588e-05
-9.55094e-07
0
-2.40775e-06
-2.78991e-05
-1.09793e-05
0
-9.29629e-06
2.80662e-05
-2.15342e-05
-6.14281e-06
-1.38718e-05
-5.63878e-06
-3.0582e-05
-3.00418e-05
-2.94327e-05
-5.37795e-06
-1.95211e-05
0
-4.65742e-05
-5.00005e-06
-3.85e-05
4.34634e-06
-3.34125e-05
1.91271e-05
-1.69808e-05
-3.15728e-05
-2.7215e-05
0
-2.55111e-05
7.7523e-05
-7.03335e-06
1.52588e-05
-1.13373e-05
-3.94936e-05
-1.90735e-06
1.29287e-05
-4.29153e-06
2.03056e-05
0
-1.96598e-06
-2.04406e-05
-2.14577e-06
-7.62939e-06
-1.04116e-05
0
-1.01681e-05
0
-2.17406e-05
-2.8418e-05
-1.39474e-05
-3.00931e-05
-2.94287e-05
-6.17041e-06
-2.7894e-05
0
-1.91708e-05
0
-4.49091e-05
-1.52588e-05
-4.05408e-05
1.4562e-05
-3.32268e-05
-1.72822e-05
-1.60439e-05
1.52588e-05
-2.68765e-05
4.0635e-06
-2.59503e-05
5.27601e-05
-6.27529e-06
1.95295e-05
-1.04061e-05
-1.52588e-05
-2.02656e-06
0
-4.52995e-06
-1.52588e-05
1.52588e-05
-1.14073e-06
-1.01285e-05
-1.69296e-06
-2.05081e-05
-1.03268e-05
-1.82195e-05
-1.05609e-05
-7.62939e-06
-2.08328e-05
-2.27293e-05
-1.3739e-05
-7.62939e-06
-3.00508e-05
-1.68975e-05
-2.90035e-05
-1.72448e-05
-1.98079e-05
-8.2903e-06
-4.44393e-05
-2.02997e-05
-3.7983e-05
2.02603e-05
-3.23486e-05
1.82935e-05
-1.70088e-05
1.83072e-05
-2.74304e-05
-2.00083e-05
-2.74121e-05
2.44274e-05
-6.50677e-06
0
-1.00248e-05
3.05188e-06
-1.72726e-06
1.99523e-05
-4.17233e-06
-1.52588e-05
0
-1.8409e-06
-1.44939e-05
-1.90735e-06
-6.63442e-06
-1.0429e-05
-7.62939e-06
-1.09641e-05
-1.43212e-05
-2.05752e-05
0
-1.38116e-05
-6.9919e-06
-2.90874e-05
-1.37553e-05
-2.81896e-05
0
-1.90503e-05
7.62939e-06
-4.29375e-05
9.62725e-06
-4.18564e-05
1.46509e-05
-3.39412e-05
-1.9604e-05
-1.68552e-05
0
-2.40077e-05
0
-2.62447e-05
3.10124e-05
-6.66315e-06
3.45427e-05
-1.02941e-05
-3.62851e-05
-2.26498e-06
0
-4.29153e-06
-3.80184e-05
0
-1.86585e-06
-7.62939e-06
-1.5848e-06
-2.79882e-05
-1.05416e-05
-2.33264e-05
-1.01363e-05
0
-2.11678e-05
0
-1.37267e-05
0
-2.94525e-05
-7.48111e-06
-2.82559e-05
7.62939e-06
-1.9254e-05
0
-4.21494e-05
5.64885e-05
-4.02838e-05
2.00428e-05
-3.17058e-05
-1.22776e-05
-1.69985e-05
0
-2.34411e-05
-2.77334e-06
-2.76317e-05
1.83835e-05
-6.89858e-06
0
-9.65927e-06
-3.82987e-05
-2.26498e-06
-4.58361e-06
-3.69549e-06
0
1.52588e-05
-2.19939e-06
-2.28882e-05
-1.76949e-06
0
-1.00288e-05
-7.62939e-06
-1.02451e-05
0
-2.13536e-05
-7.62939e-06
-1.39576e-05
0
-2.863e-05
0
-2.9231e-05
1.52588e-05
-1.94885e-05
0
-4.66383e-05
0
-4.15806e-05
0
-3.10233e-05
-1.52588e-05
-1.67217e-05
0
-2.18961e-05
1.52588e-05
-2.69937e-05
0
-6.66436e-06
0
-8.96833e-06
0
-2.26498e-06
0
-3.69549e-06
1.52588e-05
1.52588e-05
-1.43051e-06
-2.14577e-06
-7.98702e-06
-1.21593e-05
-1.70469e-05
-1.72853e-05
-2.39611e-05
-2.57492e-05
-2.37226e-05
-3.54052e-05
-3.50475e-05
-2.83718e-05
-2.09808e-05
-2.16961e-05
-2.13385e-05
-8.58307e-06
-7.27177e-06
-2.14577e-06
-3.93391e-06
0
0
0
0
0
0
0
0
0
0
0
0
0
0
0
0
0
0
0
0
0
0
0
0
0
0
0
0
0
0
0
0
0
0
0
0
0
0
0
0
0
0
0
0
0
0
0
0
0
0
0
0
0
0
0
0
0
0
0
0
0
0
0
0
0
0
0
0
0
0
0
0
0
0
0
0
0
0
0
0
0
0
0
0
0
0
0
0
0
0
0
0
0
0
0
0
0
0
0
0
0
0
0
0
0
0
0
0
0
0
0
0
0
0
0
0
0
0
0
0
0
0
0
0
0
0
0
0
0
0
0
0
0
0
0
0
0
0
0
0
0
0
0
0
0
0
0
0
0
0
0
0
0
0
0
0
0
0
0
0
0
0
0
0
0
0
0
0
0
0
0
0
0
0
0
0
0
0
0
0
0
0
0
0
0
0
0
0
0
0
0
0
0
0
0
0
0
0
0
0
0
0
0
0
0
0
0
0
0
0
0
0
0
0
0
0
0
0
0
0
0
0
0
0
0
0
0
0
0
0
0
0
0
0
0
0
0
0
0
0
0
0
0
0
0
0
0
0
0
0
0
0
0
0
0
0
0
0
0
0
0
0
0
0
0
0
0
0
0
0
0
0
0
0
0
0
0
0
0
0
0
0
0
0
0
0
0
0
0
0
0
0
0
0
0
0
0
0
0
0
0
0
0
0
0
0
0
0
0
0
0
0
0
0
0
0
0
0
0
0
0
0
0
0
0
0
0
0
0
0
0
0
0
0
0
0
0
0
0
0
0
0
0
0
0
0
0
0
0
0
0
0
0
0
0
0
0
0
0
0
0
0
0
0
0
0
0
0
0
0
0
0
0
0
0
0
0
0
0
0
0
0
0
0
0
0
0
0
0
0
0
0
0
0
0
0
0
0
0
0
0
0
0
0
0
0
0
0
0
0
0
0
0
0
0
0
0
0
0
0
0
0
0
0
0
0
0
0
0
0
0
0
0
0
0
0
0
0
0
0
0
0
0
0
0
0
0
0
0
0
0
0
0
0
0
0
0
0
0
0
0
0
0
0
0
0
0
0
0
0
0
0
0
0
0
0
0
0
0
0
0
0
0
0
0
0
0
0
0
0
0
0
0
0
0
0
0
0
0
0
0
0
0
0
0
0
0
0
0
0
0
0
0
0
0
0
0
0
0
0
0
0
0
0
0
0
0
0
0
0
0
0
0
0
0
0
0
0
0
0
0
0
0
0
0
0
0
0
0
0
0
0
0
0
0
0
0
0
0
0
0
0
0
0
0
0
0
0
0
0
0
0
0
0
0
0
0
0
0
0
0
0
0
0
0
0
0
0
0
0
0
0
0
0
0
0
0
0
0
0
0
0
0
0
0
0
0
0
0
0
0
0
0
0
0
0
0
0
0
0
0
0
0
0
0
0
0
0
0
0
0
0
0
0
0
0
0
0
0
0
0
0
0
0
0
0
0
0
0
0
0
0
0
0
0
0
0
0
0
0
0
0
0
0
0
0
0
0
0
0
0
0
0
0
0
0
0
0
0
0
0
0
0
0
0
0
0
0
0
0
0
0
0
0
0
0
0
0
0
0
0
0
0
0
0
0
0
0
0
0
0
0
0
0
0
0
0
0
0
0
0
0
0
0
0
0
0
0
0
0
0
0
0
0
0
0
0
0
0
0
0
0
0
0
0
0
0
0
0
0
0
0
0
0
0
0
0
0
0
0
0
0
0
0
0
0
0
0
0
0
0
0
0
0
0
0
0
0
0
0
0
0
0
0
0
0
0
0
0
0
0
0
0
0
0
0
0
0
0
0
0
0
0
0
0
0
0
0
0
0
0
0
0
0
0
0
0
0
0
0
0
0
0
0
0
0
0
0
0
0
0
0
0
0
0
0
0
0
0
0
0
0
0
0
0
0
0
0
0
0
0
0
0
0
0
0
0
0
0
0
0
0
0
0
0
0
0
0
0
0
0
0
0
0
0
0
0
0
0
0
0
0
0
0
0
0
0
0
0
0
0
0
0
0
0
0
0
0
0
0
0
0
0
0
0
0
0
0
0
0
0
0
0
0
0
0
0
0
0
0
0
0
0
0
0
0
0
0
0
0
0
0
0
0
0
0
0
0
0
0
0
0
0
0
0
0
0
0
0
0
0
0
0
0
0
0
0
0
0
0
0
0
0
0
0
0
0
0
0
0
0
0
0
0
0
0
0
0
0
0
0
0
0
0
0
0
0
0
0
0
0
0
0
0
0
0
0
0
0
0
0
0
0
0
0
0
0
0
0
0
0
0
0
0
0
0
0
0
0
0
0
0
0
0
0
0
0
0
0
0
0
0
0
0
0
0
0
0
0
0
0
0
0
0
0
0
0
0
0
0
0
0
0
0
0
0
0
0
0
0
0
0
0
0
0
0
0
0
0
0
0
0
0
0
0
0
0
0
0
0
0
0
0
0
0
0
0
0
0
0
0
0
0
0
0
0
0
0
0
0
0
0
0
0
0
0
0
0
0
0
0
0
0
0
0
0
0
0
0
0
0
0
0
0
0
0
0
0
0
0
0
0
0
0
0
0
0
0
0
0
0
0
0
0
0
0
0
0
0
0
0
0
0
0
0
0
0
0
0
0
0
0
0
0
0
0
0
0
0
0
0
0
0
0
0
0
0
0
0
0
0
0
0
0
0
0
0
0
0
0
0
0
0
0
0
0
0
0
0
0
0
0
0
0
0
0
0
0
0
0
0
0
0
0
0
0
0
0
0
0
0
0
0
0
0
0
0
0
0
0
0
0
0
0
0
0
0
0
0
0
0
0
0
0
0
0
0
0
0
0
0
0
0
0
0
0
0
0
0
0
0
0
0
0
0
0
0
0
0
0
0
0
0
0
0
0
0
0
0
0
0
0
0
0
0
0
0
0
0
0
0
0
0
0
0
0
0
0
0
0
0
0
0
0
0
0
0
0
0
0
0
0
0
0
0
0
0
0
0
0
0
0
0
0
0
0
0
0
0
0
0
0
0
0
0
0
0
0
0
0
0
0
0
0
0
0
0
0
0
0
0
0
0
0
0
0
0
0
0
0
0
0
0
0
0
0
0
0
0
0
0
0
0
0
0
0
0
0
0
0
0
0
0
0
0
0
0
0
0
0
0
0
0
0
0
0
0
0
0
0
0
0
0
0
0
0
0
0
0
0
0
0
0
0
0
0
0
0
0
0
0
0
0
0
0
0
0
0
0
0
0
0
0
0
0
0
0
0
0
0
0
0
0
0
0
0
0
0
0
0
0
0
0
0
0
0
0
0
0
0
0
0
0
0
0
0
0
0
0
0
0
0
0
0
0
0
0
0
0
0
0
0
0
0
0
0
0
0
0
0
0
0
0
0
0
0
0
0
0
0
0
0
0
0
0
0
0
0
0
0
0
0
0
0
0
0
0
0
0
0
0
0
0
0
0
0
0
0
0
0
0
0
0
0
0
0
0
0
0
0
0
0
0
0
0
0
0
0
0
0
0
0
0
0
0
0
0
0
0
0
0
0
0
0
0
0
0
0
0
0
0
0
0
0
0
0
0
0
0
0
0
0
0
0
0
0
0
0
0
0
0
0
0
0
0
0
0
0
0
0
0
0
0
0
0
0
0
0
0
0
0
0
0
0
0
0
0
0
0
0
0
0
0
0
0
0
0
0
0
0
0
0
0
0
0
0
0
0
0
0
0
0
0
0
0
0
0
0
0
0
0
0
0
0
0
0
0
0
0
0
0
0
0
0
0
0
0
0
0
0
0
0
0
0
0
0
0
0
0
0
0
0
0
0
0
0
0
0
0
0
0
0
0
0
0
0
0
0
0
0
0
0
0
0
0
0
0
0
0
0
0
0
0
0
0
0
0
0
0
0
0
0
0
0
0
0
0
0
0
0
0
0
0
0
0
0
0
0
0
0
0
0
0
0
0
0
0
0
0
0
0
0
0
0
0
0
0
0
0
0
0
0
0
0
0
0
0
0
0
0
0
0
0
0
0
0
0
0
0
0
0
0
0
0
0
0
0
0
0
0
0
0
0
0
0
0
0
0
0
0
0
0
0
0
0
0
0
0
0
0
0
0
0
0
0
0
0
0
0
0
0
0
0
0
0
0
0
0
0
0
0
0
0
0
0
0
0
0
0
0
0
0
0
0
0
0
0
0
0
0
0
0
0
0
0
0
0
0
0
0
0
0
0
0
0
0
0
0
0
0
0
0
0
0
0
0
0
0
0
0
0
0
0
0
0
0
0
0
0
0
0
0
0
0
0
0
0
0
0
0
0
0
0
0
0
0
0
0
0
0
0
0
0
0
0
0
0
0
0
0
0
0
0
0
0
0
0
0
0
0
0
0
0
0
0
0
0
0
0
0
0
0
0
0
0
0
0
0
0
0
0
0
0
0
0
0
0
0
0
0
0
0
0
0
0
0
0
0
0
0
0
0
0
0
0
0
0
0
0
0
0
0
0
0
0
0
0
0
0
0
0
0
0
0
0
0
0
0
0
0
0
0
0
0
0
0
0
0
0
0
0
0
0
0
0
0
0
0
0
0
0
0
0
0
0
0
0
0
0
0
0
0
0
0
0
0
0
0
0
0
0
0
0
0
0
0
0
0
0
0
0
0
0
0
0
0
0
0
0
0
0
0
0
0
0
0
0
0
0
0
0
0
0
0
0
0
0
0
0
0
0
0
0
0
0
0
0
0
0
0
0
0
0
0
0
0
0
0
0
0
0
0
0
0
0
0
0
0
0
0
0
0
0
0
0
0
0
0
0
0
0
0
0
0
0
0
0
0
0
0
0
0
0
0
0
0
0
0
0
0
0
0
0
0
0
0
0
0
0
0
0
0
0
0
0
0
0
0
0
0
0
0
0
0
0
0
0
0
0
0
0
0
0
0
0
0
0
0
0
0
0
0
0
0
0
0
0
0
0
0
0
0
0
0
0
0
0
0
0
0
0
0
0
0
0
0
0
0
0
0
0
0
0
0
0
0
0
0
0
0
0
0
0
0
0
0
0
0
0
0
0
0
0
0
0
0
0
0
0
0
0
0
0
0
0
0
0
0
0
0
0
0
0
0
0
0
0
0
0
0
0
0
0
0
0
0
0
0
0
0
0
0
0
0
0
0
0
0
0
0
0
0
0
0
0
0
0
0
0
0
0
0
0
0
0
0
0
0
0
0
0
0
0
0
0
0
0
0
0
0
0
0
0
0
0
0
0
0
0
0
0
0
0
0
0
0
0
0
0
0
0
0
0
0
0
0
0
0
0
0
0
0
0
0
0
0
0
0
0
0
0
0
0
0
0
0
0
0
0
0
0
0
0
0
0
0
0
0
0
0
0
0
0
0
0
0
0
0
0
0
0
0
0
0
0
0
0
0
0
0
0
0
0
0
0
0
0
0
0
0
0
0
0
0
0
0
0
0
0
0
0
0
0
0
0
0
0
0
0
0
0
0
0
0
0
0
0
0
0
0
0
0
0
0
0
0
0
0
0
0
0
0
0
0
0
0
0
0
0
0
0
0
0
0
0
0
0
0
0
0
0
0
0
0
0
0
0
0
0
0
0
0
0
0
0
0
0
0
0
0
0
0
0
0
0
0
0
0
0
0
0
0
0
0
0
0
0
0
0
0
0
0
0
0
0
0
0
0
0
0
0
0
0
0
0
0
0
0
0
0
0
0
0
0
0
0
0
0
0
0
0
0
0
0
0
0
0
0
0
0
0
0
0
0
0
0
0
0
0
0
0
0
0
0
0
0
0
0
0
0
0
0
0
0
0
0
0
0
0
0
0
0
0
0
0
0
0
0
0
0
0
0
0
0
0
0
0
0
0
0
0
0
0
0
0
0
0
0
0
0
0
0
0
0
0
0
0
0
0
0
0
0
0
0
0
0
0
0
0
0
0
0
0
0
0
0
0
0
0
0
0
0
0
0
0
0
0
0
0
0
0
0
0
0
0
0
0
0
0
0
0
0
0
0
0
0
0
0
0
0
0
0
0
0
0
0
0
0
0
0
0
0
0
0
0
0
0
0
0
0
0
0
0
0
0
0
0
0
0
0
0
0
0
0
0
0
0
0
0
0
0
0
0
0
0
0
0
0
0
0
0
0
0
0
0
0
0
0
0
0
0
0
0
0
0
0
0
0
0
0
0
0
0
0
0
0
0
0
0
0
0
0
0
0
0
0
0
0
0
0
0
0
0
0
0
0
0
0
0
0
0
0
0
0
0
0
0
0
0
0
0
0
0
0
0
0
0
0
0
0
0
0
0
0
0
0
0
0
0
0
0
0
0
0
0
0
0
0
0
0
0
0
0
0
0
0
0
0
0
0
0
0
0
0
0
0
0
0
0
0
0
0
0
0
0
0
0
0
0
0
0
0
0
0
0
0
0
0
0
0
0
0
0
0
0
0
0
0
0
0
0
0
0
0
0
0
0
0
0
0
0
0
0
0
0
0
0
0
0
0
0
0
0
0
0
0
0
0
0
0
0
0
0
0
0
0
0
0
0
0
0
0
0
0
0
0
0
0
0
0
0
0
0
0
0
0
0
0
0
0
0
0
0
0
0
0
0
0
0
0
0
0
0
0
0
0
0
0
0
0
0
0
0
0
0
0
0
0
0
0
0
0
0
0
0
0
0
0
0
0
0
0
0
0
0
0
0
0
0
0
0
0
0
0
0
0
0
0
0
0
0
0
0
0
0
0
0
0
0
0
0
0
0
0
0
0
0
0
0
0
0
0
0
0
0
0
0
0
0
0
0
0
0
0
0
0
0
0
0
0
0
0
0
0
0
0
0
0
0
0
0
0
0
0
0
0
0
0
0
0
0
0
0
0
0
0
0
0
0
0
0
0
0
0
0
0
0
0
0
0
0
0
0
0
0
0
0
0
0
0
0
0
0
0
0
0
0
0
0
0
0
0
0
0
0
0
0
0
0
0
0
0
0
0
0
0
0
0
0
0
0
0
0
0
0
0
0
0
0
0
0
0
0
0
0
0
0
0
0
0
0
0
0
0
0
0
0
0
0
0
0
0
0
0
0
0
0
0
0
0
0
0
0
0
0
0
0
0
0
0
0
0
0
0
0
0
0
0
0
0
0
0
0
0
0
0
0
0
0
0
0
0
0
0
0
0
0
0
0
0
0
0
0
0
0
0
0
0
0
0
0
0
0
0
0
0
0
0
0
0
0
0
0
0
0
0
0
0
0
0
0
0
0
0
0
0
0
0
0
0
0
0
0
0
0
0
0
0
0
0
0
0
0
0
0
0
0
0
0
0
0
0
0
0
0
0
0
0
0
0
0
0
0
0
0
0
0
0
0
0
0
0
0
0
0
0
0
0
0
0
0
0
0
0
0
0
0
0
0
0
0
0
0
0
0
0
0
0
0
0
0
0
0
0
0
0
0
0
0
0
0
0
0
0
0
0
0
0
0
0
0
0
0
0
0
0
0
0
0
0
0
0
0
0
0
0
0
0
0
0
0
0
0
0
0
0
0
0
0
0
0
0
0
0
0
0
0
0
0
0
0
0
0
0
0
0
0
0
0
0
0
0
0
0
0
0
0
0
0
0
0
0
0
0
0
0
0
0
0
0
0
0
0
0
0
0
0
0
0
0
0
0
0
0
0
0
0
0
0
0
0
0
0
0
0
0
0
0
0
0
0
0
0
0
0
0
0
0
0
0
0
0
0
0
0
0
0
0
0
0
0
0
0
0
0
0
0
0
0
0
0
0
0
0
0
0
0
0
0
0
0
0
0
0
0
0
0
0
0
0
0
0
0
0
0
0
0
0
0
0
0
0
0
0
0
0
0
0
0
0
0
0
0
0
0
0
0
0
0
0
0
0
0
0
0
0
0
0
0
0
0
0
0
0
0
0
0
0
0
0
0
0
0
0
0
0
0
0
0
0
0
0
0
0
0
0
0
0
0
0
0
0
0
0
0
0
0
0
0
0
0
0
0
0
0
0
0
0
0
0
0
0
0
0
0
0
0
0
0
0
0
0
0
0
0
0
0
0
0
0
0
0
0
0
0
0
0
0
0
0
0
0
0
0
0
0
0
0
0
0
0
0
0
0
0
0
0
0
0
0
0
0
0
0
0
0
0
0
0
0
0
0
0
0
0
0
0
0
0
0
0
0
0
0
0
0
0
0
0
0
0
0
0
0
0
0
0
0
0
0
0
0
0
0
0
0
0
0
0
0
0
0
0
0
0
0
0
0
0
0
0
0
0
0
0
0
0
0
0
0
0
0
0
0
0
0
0
0
0
0
0
0
0
0
0
0
0
0
0
0
0
0
0
0
0
0
0
0
0
0
0
0
0
0
0
0
0
0
0
0
0
0
0
0
0
0
0
0
0
0
0
0
0
0
0
0
0
0
0
0
0
0
0
0
0
0
0
0
0
0
0
0
0
0
0
0
0
0
0
0
0
0
0
0
0
0
0
0
0
0
0
0
0
0
0
0
0
0
0
0
0
0
0
0
0
0
0
0
0
0
0
0
0
0
0
0
0
0
0
0
0
0
0
0
0
0
0
0
0
0
0
0
0
0
0
0
0
0
0
0
)
;

boundaryField
{
    inlet
    {
        type            calculated;
        value           nonuniform List<scalar> 
20
(
-7.42428e-06
-7.42428e-06
-7.42428e-06
-7.42428e-06
-7.42428e-06
-7.42428e-06
-7.42428e-06
-7.42428e-06
-7.42428e-06
-7.42428e-06
-7.42428e-06
-7.42428e-06
-7.42428e-06
-7.42428e-06
-7.42428e-06
-7.42428e-06
-7.42428e-06
-7.42428e-06
-7.42428e-06
-7.42428e-06
)
;
    }
    outlet
    {
        type            calculated;
        value           uniform 0;
    }
    frontAndBack
    {
        type            empty;
    }
    topAndBottom
    {
        type            calculated;
        value           uniform 0;
    }
    defaultFaces
    {
        type            empty;
    }
}


// ************************************************************************* //
