/*--------------------------------*- C++ -*----------------------------------*\
  =========                 |
  \\      /  F ield         | OpenFOAM: The Open Source CFD Toolbox
   \\    /   O peration     | Website:  https://openfoam.org
    \\  /    A nd           | Version:  11
     \\/     M anipulation  |
\*---------------------------------------------------------------------------*/
FoamFile
{
    format      ascii;
    class       surfaceScalarField;
    location    "50";
    object      phi;
}
// * * * * * * * * * * * * * * * * * * * * * * * * * * * * * * * * * * * * * //

dimensions      [0 3 -1 0 0 0 0];

internalField   nonuniform List<scalar> 
5320
(
0
0
0
0
0
0
0
0
0
0
0
0
0
0
0
0
0
0
0
0
0
0
0
0
0
0
0
0
0
0
0
0
0
0
0
0
0
0
0
0
0
0
0
0
0
0
0
0
0
0
0
0
0
0
0
0
0
0
0
0
0
0
0
0
0
0
0
0
0
0
0
0
0
0
0
0
0
0
0
0
0
0
0
0
0
0
0
0
0
0
0
0
0
0
0
0
0
0
0
0
0
0
0
0
0
0
0
0
0
0
0
0
0
0
0
0
0
0
0
0
0
0
0
0
0
0
0
0
0
0
0
0
0
0
0
0
0
0
0
0
0
0
0
0
0
0
0
0
0
0
0
0
0
0
0
0
0
0
0
0
0
0
0
0
0
0
0
0
0
0
0
0
0
0
0
0
0
0
0
0
0
0
0
0
0
0
0
0
0
0
0
0
0
0
0
0
0
0
0
0
0
0
0
0
0
0
0
0
0
0
0
0
0
0
0
0
0
0
0
0
0
0
0
0
0
0
0
0
0
0
0
0
0
0
0
0
0
0
0
0
0
0
0
0
0
0
0
0
0
0
0
0
0
0
0
0
0
0
0
0
0
0
0
0
0
0
0
0
0
0
0
0
0
0
0
0
0
0
0
0
0
0
0
0
0
0
0
0
0
0
0
0
0
0
0
0
0
0
0
0
0
0
0
0
0
0
0
0
0
0
0
0
0
0
0
0
0
0
0
0
0
0
0
0
0
0
0
0
0
0
0
0
0
0
0
0
0
0
0
0
0
0
0
0
0
0
0
0
0
0
0
0
0
0
0
0
0
0
0
0
0
0
0
0
0
0
0
0
0
0
0
0
0
0
0
0
0
0
0
0
0
0
0
0
0
0
0
0
0
0
0
0
0
0
0
0
0
0
0
0
0
0
0
0
0
0
0
0
0
0
0
0
0
0
0
0
0
0
0
0
0
0
0
0
0
0
0
0
0
0
0
0
0
0
0
0
0
0
0
0
0
0
0
0
0
0
0
0
0
0
0
0
0
0
0
0
0
0
0
0
0
0
0
0
0
0
0
0
0
0
0
0
0
0
0
0
0
0
0
0
0
0
0
0
0
0
0
0
0
0
0
0
0
0
0
0
0
0
0
0
0
0
0
0
0
0
0
0
0
0
0
0
0
0
0
0
0
0
0
0
0
0
0
0
0
0
0
0
0
0
0
0
0
0
0
0
0
0
0
0
0
0
0
0
0
0
0
0
0
0
0
0
0
0
0
0
0
0
0
0
0
0
0
0
0
0
0
0
0
0
0
0
0
0
0
0
0
0
0
0
0
0
0
0
0
0
0
0
0
0
0
0
0
0
0
0
0
0
0
0
0
0
0
0
0
0
0
0
0
0
0
0
0
0
0
0
0
0
0
0
0
0
0
0
0
0
0
0
0
0
0
0
0
0
0
0
0
0
0
0
0
0
0
0
0
0
0
0
0
0
0
0
0
0
0
0
0
0
0
0
0
0
0
0
0
0
0
0
0
0
0
0
0
0
0
0
0
0
0
0
0
0
0
0
0
0
0
0
0
0
0
0
0
0
0
0
0
0
0
0
0
0
0
0
0
0
0
0
0
0
0
0
0
0
0
0
0
0
0
0
0
0
0
0
0
0
0
0
0
0
0
0
0
0
0
0
0
0
0
0
0
0
0
0
0
0
0
0
0
0
0
0
0
0
0
0
0
0
0
0
3.09944e-06
1.52588e-05
-6.4373e-06
7.62939e-06
-7.15256e-06
7.62939e-06
-8.9407e-06
7.62939e-06
-1.84774e-05
0
-1.75238e-05
-7.62939e-06
-2.43187e-05
0
-2.76566e-05
1.52588e-05
-2.69413e-05
7.62939e-06
-2.93255e-05
7.62939e-06
-3.50475e-05
1.52588e-05
-2.87294e-05
-1.52588e-05
-2.32458e-05
1.52588e-05
-2.6226e-05
0
-1.60933e-05
0
-4.64916e-06
-1.52588e-05
-1.15633e-05
0
-4.05312e-06
0
-2.26498e-06
1.52588e-05
0
3.09944e-06
0
-8.63172e-06
-1.0269e-05
-6.06951e-06
0
-7.46307e-06
0
-2.3972e-05
-7.64513e-06
-1.4003e-05
-8.6927e-06
-2.82471e-05
0
-3.24673e-05
2.38651e-05
-2.36913e-05
-7.62939e-06
-2.59913e-05
1.55468e-05
-4.43843e-05
0
-2.63004e-05
-1.87058e-05
-1.95763e-05
-1.52588e-05
-3.26647e-05
-1.35412e-06
-1.88058e-05
0
-4.41074e-06
-1.52588e-05
-1.53027e-05
0
-3.0966e-06
0
-2.38419e-06
7.05496e-05
0
2.86102e-06
5.88862e-06
-8.60465e-06
-4.00044e-05
-6.22529e-06
1.64982e-05
-7.59358e-06
-2.58465e-05
-2.42276e-05
-3.32427e-05
-1.37876e-05
-8.98611e-06
-2.77141e-05
0
-3.39159e-05
0
-2.34857e-05
-1.52588e-05
-2.69108e-05
-3.90615e-05
-4.35893e-05
0
-2.531e-05
-3.55441e-06
-1.88063e-05
0
-3.25843e-05
2.44039e-05
-1.89212e-05
1.42757e-05
-4.29153e-06
-1.97386e-05
-1.49274e-05
0
-3.48186e-06
3.38176e-05
-2.74181e-06
7.87381e-05
1.52588e-05
2.14577e-06
1.22127e-05
-7.54101e-06
-1.07038e-05
-8.6698e-06
5.84969e-06
-7.47178e-06
0
-2.28149e-05
-2.55795e-05
-1.3704e-05
0
-2.73364e-05
0
-3.33503e-05
1.36186e-05
-2.29672e-05
0
-2.57869e-05
-7.66078e-06
-4.61152e-05
-3.94561e-05
-2.69314e-05
-2.08991e-05
-1.97848e-05
-3.71619e-05
-3.50946e-05
-1.52588e-05
-1.9586e-05
1.23316e-05
-4.29153e-06
-2.32705e-05
-1.46491e-05
0
-3.45707e-06
4.43621e-05
-3.09944e-06
4.0493e-05
3.05176e-05
1.66893e-06
6.35624e-06
-6.89194e-06
-3.04191e-05
-8.44023e-06
1.26914e-05
-7.98628e-06
-8.11515e-06
-2.39439e-05
-5.08912e-05
-1.41042e-05
-3.98502e-05
-2.71042e-05
-7.62939e-06
-3.41404e-05
0
-2.31757e-05
0
-2.5195e-05
2.28882e-05
-4.32515e-05
-2.10536e-05
-2.5826e-05
-1.78203e-05
-1.81898e-05
-1.65572e-05
-3.14697e-05
1.92973e-05
-1.94247e-05
2.92356e-05
-4.05312e-06
-1.87398e-05
-1.57875e-05
-4.08937e-05
-3.33786e-06
1.23822e-05
-3.09944e-06
9.84228e-05
3.05176e-05
9.53674e-07
1.95361e-05
-4.94604e-06
0
-1.03006e-05
7.62939e-06
-8.19356e-06
-2.05887e-05
-2.1868e-05
-2.09567e-05
-1.33697e-05
-2.23365e-05
-2.69691e-05
0
-3.46446e-05
-2.11858e-05
-2.2598e-05
5.82953e-06
-2.70147e-05
3.18675e-05
-4.44484e-05
-1.98265e-05
-2.67745e-05
-3.6374e-05
-1.83261e-05
-1.52588e-05
-3.32857e-05
1.22366e-05
-2.05665e-05
2.36181e-05
-4.17233e-06
0
-1.39792e-05
-6.08599e-05
-2.98023e-06
6.04497e-05
-3.69549e-06
3.80227e-05
1.52588e-05
4.76837e-07
7.62939e-06
-4.57631e-06
-2.19158e-05
-1.08403e-05
3.00622e-05
-8.20386e-06
-1.76703e-05
-2.29297e-05
-3.30728e-05
-1.31649e-05
-2.63404e-05
-2.79252e-05
0
-3.29541e-05
-7.59504e-06
-2.23285e-05
2.06634e-05
-2.78899e-05
4.45263e-05
-4.32592e-05
-3.44336e-05
-2.67905e-05
0
-1.84347e-05
-2.38295e-05
-3.18241e-05
2.77279e-05
-2.09859e-05
4.81588e-05
-4.41074e-06
0
-1.37812e-05
-1.47318e-05
-3.09944e-06
1.52588e-05
-3.8147e-06
1.52588e-05
0
0
6.26691e-06
-2.859e-06
0
-1.19893e-05
1.75966e-05
-8.40012e-06
8.54528e-06
-2.16091e-05
-2.10487e-05
-1.29492e-05
0
-2.92248e-05
-1.00702e-05
-3.31644e-05
-3.0333e-05
-2.15425e-05
7.62939e-06
-3.38739e-05
7.08979e-05
-4.3681e-05
-5.54918e-05
-2.85489e-05
0
-1.74506e-05
-1.46574e-05
-3.19957e-05
2.73009e-05
-2.15399e-05
4.59071e-05
-4.52995e-06
4.79066e-06
-1.27802e-05
-1.52874e-05
-2.98023e-06
0
-3.69549e-06
5.49275e-05
1.52588e-05
-2.38419e-07
0
-2.8532e-06
-7.16129e-06
-1.18721e-05
-7.62939e-06
-8.92844e-06
1.74404e-05
-2.14869e-05
0
-1.31407e-05
0
-2.94747e-05
-2.01331e-05
-3.2233e-05
-4.03378e-05
-2.12245e-05
0
-3.93262e-05
5.28269e-05
-4.34305e-05
-2.65811e-05
-3.32273e-05
-4.26328e-05
-1.75243e-05
-3.89359e-05
-3.25396e-05
0
-2.25072e-05
6.7209e-05
-4.74283e-06
1.28501e-05
-1.24744e-05
0
-2.6226e-06
0
-3.93391e-06
4.50786e-05
3.05176e-05
-4.76837e-07
-1.01462e-05
-2.67217e-06
-1.49593e-05
-1.12363e-05
0
-9.07621e-06
-7.62939e-06
-2.11093e-05
1.20567e-05
-1.307e-05
1.1709e-05
-2.9231e-05
-2.13549e-05
-2.99295e-05
-2.05541e-05
-1.98791e-05
2.86185e-05
-4.04615e-05
8.07415e-05
-4.05246e-05
-4.11611e-05
-2.89852e-05
1.73946e-05
-1.64938e-05
0
-3.21091e-05
0
-2.31394e-05
3.67085e-05
-5.00679e-06
3.39122e-05
-1.29051e-05
-2.00641e-05
-2.21033e-06
0
-4.29153e-06
1.22674e-05
1.52588e-05
-5.42303e-07
0
-2.49473e-06
-2.83299e-05
-1.17042e-05
-1.96569e-05
-8.84498e-06
0
-2.21403e-05
0
-1.36215e-05
0
-2.98247e-05
0
-3.1075e-05
-2.21923e-05
-2.0309e-05
1.51309e-05
-4.53109e-05
3.94936e-05
-4.00735e-05
-1.98817e-05
-3.27674e-05
0
-1.66001e-05
0
-2.97313e-05
2.5082e-05
-2.33193e-05
2.68519e-05
-5.36442e-06
3.41845e-05
-1.25024e-05
-3.05176e-05
-2.10561e-06
0
-4.05312e-06
3.83647e-05
1.52588e-05
-5.28696e-07
-7.62939e-06
-2.39886e-06
0
-1.09513e-05
0
-8.80288e-06
7.53815e-06
-2.15732e-05
0
-1.37531e-05
0
-3.02556e-05
-1.0106e-05
-2.93578e-05
0
-1.96012e-05
0
-4.46552e-05
1.36221e-05
-3.89687e-05
-1.80574e-05
-3.16111e-05
1.42249e-05
-1.65442e-05
1.56014e-05
-3.08878e-05
0
-2.34081e-05
7.62815e-05
-6.07967e-06
1.36235e-05
-1.32083e-05
-8.20397e-05
-2.14577e-06
5.95751e-07
-4.17233e-06
3.88994e-05
0
-7.15256e-07
7.62939e-06
-2.47929e-06
-2.04645e-05
-1.08333e-05
7.62939e-06
-8.98883e-06
7.62939e-06
-2.19156e-05
-8.80271e-06
-1.37564e-05
-1.00405e-05
-3.03718e-05
-7.62939e-06
-2.97603e-05
-1.05928e-05
-1.91441e-05
1.77802e-05
-4.46554e-05
1.97806e-05
-3.76812e-05
1.98594e-05
-3.30619e-05
0
-1.67829e-05
1.52588e-05
-3.04991e-05
-4.77488e-06
-2.40871e-05
7.29231e-05
-6.07967e-06
3.93769e-05
-1.11576e-05
-5.67293e-05
-1.78814e-06
1.99884e-05
-4.52995e-06
0
1.52588e-05
-9.54293e-07
0
-2.17089e-06
-2.02495e-05
-1.07939e-05
0
-9.17403e-06
2.19202e-05
-2.14108e-05
-5.47276e-06
-1.39862e-05
-9.77497e-06
-3.04731e-05
-2.74214e-05
-2.9433e-05
-1.30852e-05
-1.95641e-05
0
-4.68895e-05
-1.40034e-05
-3.85092e-05
1.75897e-05
-3.34586e-05
3.43799e-05
-1.70374e-05
-1.6322e-05
-2.693e-05
0
-2.50442e-05
7.81626e-05
-6.91414e-06
1.50397e-05
-1.13253e-05
-3.90428e-05
-1.78814e-06
1.52588e-05
-4.29153e-06
2.0307e-05
0
-1.93398e-06
-2.83678e-05
-1.81291e-06
-5.65608e-06
-1.04407e-05
0
-1.01435e-05
0
-2.17375e-05
-3.0268e-05
-1.39384e-05
-2.81346e-05
-2.94767e-05
-8.95841e-06
-2.81403e-05
0
-1.94412e-05
0
-4.50725e-05
1.08413e-06
-4.02272e-05
3.17079e-06
-3.32874e-05
-1.72794e-05
-1.60125e-05
0
-2.68046e-05
1.93122e-05
-2.60272e-05
5.68818e-05
-6.19242e-06
1.95693e-05
-1.05669e-05
-1.30616e-05
-1.90735e-06
0
-4.41074e-06
-1.52588e-05
1.52588e-05
-1.78417e-06
-1.013e-05
-1.68519e-06
-2.18285e-05
-1.04474e-05
-1.00637e-05
-1.05786e-05
-1.45285e-05
-2.08339e-05
-2.67674e-05
-1.3625e-05
-7.62939e-06
-2.99321e-05
-8.61795e-06
-2.90647e-05
-1.69884e-05
-1.96232e-05
-7.4103e-06
-4.42656e-05
-2.02913e-05
-3.8362e-05
2.08057e-05
-3.24517e-05
1.8335e-05
-1.70924e-05
-7.80638e-07
-2.72665e-05
-1.85614e-05
-2.70963e-05
3.61324e-05
-6.3195e-06
0
-9.84489e-06
-1.52588e-05
-1.90735e-06
1.99538e-05
-4.29153e-06
-1.52588e-05
0
-1.93128e-06
-5.91791e-06
-1.44198e-06
-6.27301e-06
-1.04843e-05
-8.96211e-06
-1.0985e-05
-2.20422e-05
-2.05127e-05
0
-1.37935e-05
-7.82966e-06
-2.94217e-05
-7.52328e-06
-2.83864e-05
0
-1.92443e-05
1.52588e-05
-4.32895e-05
1.36963e-05
-4.20577e-05
1.889e-05
-3.38761e-05
-2.0101e-05
-1.67019e-05
0
-2.44171e-05
0
-2.65181e-05
3.36834e-05
-6.65295e-06
1.99191e-05
-1.02449e-05
-2.77061e-05
-2.20583e-06
0
-4.05312e-06
-2.67363e-05
0
-2.12029e-06
-7.62939e-06
-1.59255e-06
-2.83165e-05
-1.04321e-05
-2.17441e-05
-9.99689e-06
0
-2.11938e-05
0
-1.37514e-05
0
-2.92722e-05
-1.52588e-05
-2.84851e-05
1.52588e-05
-1.92661e-05
0
-4.28474e-05
4.08601e-05
-4.08826e-05
1.52588e-05
-3.18814e-05
-1.22918e-05
-1.68704e-05
0
-2.36705e-05
-1.45705e-05
-2.79066e-05
1.84126e-05
-6.90811e-06
0
-9.80392e-06
-3.50041e-05
-2.38419e-06
-2.01619e-05
-3.8147e-06
0
1.52588e-05
-2.43158e-06
-1.52588e-05
-1.78814e-06
0
-9.882e-06
-7.62939e-06
-1.02123e-05
0
-2.13106e-05
-7.62939e-06
-1.40393e-05
0
-2.88526e-05
0
-2.92864e-05
1.52588e-05
-1.94979e-05
0
-4.55563e-05
0
-4.07667e-05
0
-3.12533e-05
0
-1.69663e-05
0
-2.22171e-05
1.52588e-05
-2.71182e-05
0
-6.67847e-06
0
-8.91199e-06
0
-2.26498e-06
0
-3.8147e-06
1.52588e-05
1.52588e-05
-1.43051e-06
-1.90735e-06
-7.98702e-06
-1.21593e-05
-1.70469e-05
-1.71661e-05
-2.39611e-05
-2.57492e-05
-2.37226e-05
-3.57628e-05
-3.54052e-05
-2.83718e-05
-2.09808e-05
-2.15769e-05
-2.13385e-05
-8.70228e-06
-7.39098e-06
-2.26498e-06
-3.8147e-06
0
0
0
0
0
0
0
0
0
0
0
0
0
0
0
0
0
0
0
0
0
0
0
0
0
0
0
0
0
0
0
0
0
0
0
0
0
0
0
0
0
0
0
0
0
0
0
0
0
0
0
0
0
0
0
0
0
0
0
0
0
0
0
0
0
0
0
0
0
0
0
0
0
0
0
0
0
0
0
0
0
0
0
0
0
0
0
0
0
0
0
0
0
0
0
0
0
0
0
0
0
0
0
0
0
0
0
0
0
0
0
0
0
0
0
0
0
0
0
0
0
0
0
0
0
0
0
0
0
0
0
0
0
0
0
0
0
0
0
0
0
0
0
0
0
0
0
0
0
0
0
0
0
0
0
0
0
0
0
0
0
0
0
0
0
0
0
0
0
0
0
0
0
0
0
0
0
0
0
0
0
0
0
0
0
0
0
0
0
0
0
0
0
0
0
0
0
0
0
0
0
0
0
0
0
0
0
0
0
0
0
0
0
0
0
0
0
0
0
0
0
0
0
0
0
0
0
0
0
0
0
0
0
0
0
0
0
0
0
0
0
0
0
0
0
0
0
0
0
0
0
0
0
0
0
0
0
0
0
0
0
0
0
0
0
0
0
0
0
0
0
0
0
0
0
0
0
0
0
0
0
0
0
0
0
0
0
0
0
0
0
0
0
0
0
0
0
0
0
0
0
0
0
0
0
0
0
0
0
0
0
0
0
0
0
0
0
0
0
0
0
0
0
0
0
0
0
0
0
0
0
0
0
0
0
0
0
0
0
0
0
0
0
0
0
0
0
0
0
0
0
0
0
0
0
0
0
0
0
0
0
0
0
0
0
0
0
0
0
0
0
0
0
0
0
0
0
0
0
0
0
0
0
0
0
0
0
0
0
0
0
0
0
0
0
0
0
0
0
0
0
0
0
0
0
0
0
0
0
0
0
0
0
0
0
0
0
0
0
0
0
0
0
0
0
0
0
0
0
0
0
0
0
0
0
0
0
0
0
0
0
0
0
0
0
0
0
0
0
0
0
0
0
0
0
0
0
0
0
0
0
0
0
0
0
0
0
0
0
0
0
0
0
0
0
0
0
0
0
0
0
0
0
0
0
0
0
0
0
0
0
0
0
0
0
0
0
0
0
0
0
0
0
0
0
0
0
0
0
0
0
0
0
0
0
0
0
0
0
0
0
0
0
0
0
0
0
0
0
0
0
0
0
0
0
0
0
0
0
0
0
0
0
0
0
0
0
0
0
0
0
0
0
0
0
0
0
0
0
0
0
0
0
0
0
0
0
0
0
0
0
0
0
0
0
0
0
0
0
0
0
0
0
0
0
0
0
0
0
0
0
0
0
0
0
0
0
0
0
0
0
0
0
0
0
0
0
0
0
0
0
0
0
0
0
0
0
0
0
0
0
0
0
0
0
0
0
0
0
0
0
0
0
0
0
0
0
0
0
0
0
0
0
0
0
0
0
0
0
0
0
0
0
0
0
0
0
0
0
0
0
0
0
0
0
0
0
0
0
0
0
0
0
0
0
0
0
0
0
0
0
0
0
0
0
0
0
0
0
0
0
0
0
0
0
0
0
0
0
0
0
0
0
0
0
0
0
0
0
0
0
0
0
0
0
0
0
0
0
0
0
0
0
0
0
0
0
0
0
0
0
0
0
0
0
0
0
0
0
0
0
0
0
0
0
0
0
0
0
0
0
0
0
0
0
0
0
0
0
0
0
0
0
0
0
0
0
0
0
0
0
0
0
0
0
0
0
0
0
0
0
0
0
0
0
0
0
0
0
0
0
0
0
0
0
0
0
0
0
0
0
0
0
0
0
0
0
0
0
0
0
0
0
0
0
0
0
0
0
0
0
0
0
0
0
0
0
0
0
0
0
0
0
0
0
0
0
0
0
0
0
0
0
0
0
0
0
0
0
0
0
0
0
0
0
0
0
0
0
0
0
0
0
0
0
0
0
0
0
0
0
0
0
0
0
0
0
0
0
0
0
0
0
0
0
0
0
0
0
0
0
0
0
0
0
0
0
0
0
0
0
0
0
0
0
0
0
0
0
0
0
0
0
0
0
0
0
0
0
0
0
0
0
0
0
0
0
0
0
0
0
0
0
0
0
0
0
0
0
0
0
0
0
0
0
0
0
0
0
0
0
0
0
0
0
0
0
0
0
0
0
0
0
0
0
0
0
0
0
0
0
0
0
0
0
0
0
0
0
0
0
0
0
0
0
0
0
0
0
0
0
0
0
0
0
0
0
0
0
0
0
0
0
0
0
0
0
0
0
0
0
0
0
0
0
0
0
0
0
0
0
0
0
0
0
0
0
0
0
0
0
0
0
0
0
0
0
0
0
0
0
0
0
0
0
0
0
0
0
0
0
0
0
0
0
0
0
0
0
0
0
0
0
0
0
0
0
0
0
0
0
0
0
0
0
0
0
0
0
0
0
0
0
0
0
0
0
0
0
0
0
0
0
0
0
0
0
0
0
0
0
0
0
0
0
0
0
0
0
0
0
0
0
0
0
0
0
0
0
0
0
0
0
0
0
0
0
0
0
0
0
0
0
0
0
0
0
0
0
0
0
0
0
0
0
0
0
0
0
0
0
0
0
0
0
0
0
0
0
0
0
0
0
0
0
0
0
0
0
0
0
0
0
0
0
0
0
0
0
0
0
0
0
0
0
0
0
0
0
0
0
0
0
0
0
0
0
0
0
0
0
0
0
0
0
0
0
0
0
0
0
0
0
0
0
0
0
0
0
0
0
0
0
0
0
0
0
0
0
0
0
0
0
0
0
0
0
0
0
0
0
0
0
0
0
0
0
0
0
0
0
0
0
0
0
0
0
0
0
0
0
0
0
0
0
0
0
0
0
0
0
0
0
0
0
0
0
0
0
0
0
0
0
0
0
0
0
0
0
0
0
0
0
0
0
0
0
0
0
0
0
0
0
0
0
0
0
0
0
0
0
0
0
0
0
0
0
0
0
0
0
0
0
0
0
0
0
0
0
0
0
0
0
0
0
0
0
0
0
0
0
0
0
0
0
0
0
0
0
0
0
0
0
0
0
0
0
0
0
0
0
0
0
0
0
0
0
0
0
0
0
0
0
0
0
0
0
0
0
0
0
0
0
0
0
0
0
0
0
0
0
0
0
0
0
0
0
0
0
0
0
0
0
0
0
0
0
0
0
0
0
0
0
0
0
0
0
0
0
0
0
0
0
0
0
0
0
0
0
0
0
0
0
0
0
0
0
0
0
0
0
0
0
0
0
0
0
0
0
0
0
0
0
0
0
0
0
0
0
0
0
0
0
0
0
0
0
0
0
0
0
0
0
0
0
0
0
0
0
0
0
0
0
0
0
0
0
0
0
0
0
0
0
0
0
0
0
0
0
0
0
0
0
0
0
0
0
0
0
0
0
0
0
0
0
0
0
0
0
0
0
0
0
0
0
0
0
0
0
0
0
0
0
0
0
0
0
0
0
0
0
0
0
0
0
0
0
0
0
0
0
0
0
0
0
0
0
0
0
0
0
0
0
0
0
0
0
0
0
0
0
0
0
0
0
0
0
0
0
0
0
0
0
0
0
0
0
0
0
0
0
0
0
0
0
0
0
0
0
0
0
0
0
0
0
0
0
0
0
0
0
0
0
0
0
0
0
0
0
0
0
0
0
0
0
0
0
0
0
0
0
0
0
0
0
0
0
0
0
0
0
0
0
0
0
0
0
0
0
0
0
0
0
0
0
0
0
0
0
0
0
0
0
0
0
0
0
0
0
0
0
0
0
0
0
0
0
0
0
0
0
0
0
0
0
0
0
0
0
0
0
0
0
0
0
0
0
0
0
0
0
0
0
0
0
0
0
0
0
0
0
0
0
0
0
0
0
0
0
0
0
0
0
0
0
0
0
0
0
0
0
0
0
0
0
0
0
0
0
0
0
0
0
0
0
0
0
0
0
0
0
0
0
0
0
0
0
0
0
0
0
0
0
0
0
0
0
0
0
0
0
0
0
0
0
0
0
0
0
0
0
0
0
0
0
0
0
0
0
0
0
0
0
0
0
0
0
0
0
0
0
0
0
0
0
0
0
0
0
0
0
0
0
0
0
0
0
0
0
0
0
0
0
0
0
0
0
0
0
0
0
0
0
0
0
0
0
0
0
0
0
0
0
0
0
0
0
0
0
0
0
0
0
0
0
0
0
0
0
0
0
0
0
0
0
0
0
0
0
0
0
0
0
0
0
0
0
0
0
0
0
0
0
0
0
0
0
0
0
0
0
0
0
0
0
0
0
0
0
0
0
0
0
0
0
0
0
0
0
0
0
0
0
0
0
0
0
0
0
0
0
0
0
0
0
0
0
0
0
0
0
0
0
0
0
0
0
0
0
0
0
0
0
0
0
0
0
0
0
0
0
0
0
0
0
0
0
0
0
0
0
0
0
0
0
0
0
0
0
0
0
0
0
0
0
0
0
0
0
0
0
0
0
0
0
0
0
0
0
0
0
0
0
0
0
0
0
0
0
0
0
0
0
0
0
0
0
0
0
0
0
0
0
0
0
0
0
0
0
0
0
0
0
0
0
0
0
0
0
0
0
0
0
0
0
0
0
0
0
0
0
0
0
0
0
0
0
0
0
0
0
0
0
0
0
0
0
0
0
0
0
0
0
0
0
0
0
0
0
0
0
0
0
0
0
0
0
0
0
0
0
0
0
0
0
0
0
0
0
0
0
0
0
0
0
0
0
0
0
0
0
0
0
0
0
0
0
0
0
0
0
0
0
0
0
0
0
0
0
0
0
0
0
0
0
0
0
0
0
0
0
0
0
0
0
0
0
0
0
0
0
0
0
0
0
0
0
0
0
0
0
0
0
0
0
0
0
0
0
0
0
0
0
0
0
0
0
0
0
0
0
0
0
0
0
0
0
0
0
0
0
0
0
0
0
0
0
0
0
0
0
0
0
0
0
0
0
0
0
0
0
0
0
0
0
0
0
0
0
0
0
0
0
0
0
0
0
0
0
0
0
0
0
0
0
0
0
0
0
0
0
0
0
0
0
0
0
0
0
0
0
0
0
0
0
0
0
0
0
0
0
0
0
0
0
0
0
0
0
0
0
0
0
0
0
0
0
0
0
0
0
0
0
0
0
0
0
0
0
0
0
0
0
0
0
0
0
0
0
0
0
0
0
0
0
0
0
0
0
0
0
0
0
0
0
0
0
0
0
0
0
0
0
0
0
0
0
0
0
0
0
0
0
0
0
0
0
0
0
0
0
0
0
0
0
0
0
0
0
0
0
0
0
0
0
0
0
0
0
0
0
0
0
0
0
0
0
0
0
0
0
0
0
0
0
0
0
0
0
0
0
0
0
0
0
0
0
0
0
0
0
0
0
0
0
0
0
0
0
0
0
0
0
0
0
0
0
0
0
0
0
0
0
0
0
0
0
0
0
0
0
0
0
0
0
0
0
0
0
0
0
0
0
0
0
0
0
0
0
0
0
0
0
0
0
0
0
0
0
0
0
0
0
0
0
0
0
0
0
0
0
0
0
0
0
0
0
0
0
0
0
0
0
0
0
0
0
0
0
0
0
0
0
0
0
0
0
0
0
0
0
0
0
0
0
0
0
0
0
0
0
0
0
0
0
0
0
0
0
0
0
0
0
0
0
0
0
0
0
0
0
0
0
0
0
0
0
0
0
0
0
0
0
0
0
0
0
0
0
0
0
0
0
0
0
0
0
0
0
0
0
0
0
0
0
0
0
0
0
0
0
0
0
0
0
0
0
0
0
0
0
0
0
0
0
0
0
0
0
0
0
0
0
0
0
0
0
0
0
0
0
0
0
0
0
0
0
0
0
0
0
0
0
0
0
0
0
0
0
0
0
0
0
0
0
0
0
0
0
0
0
0
0
0
0
0
0
0
0
0
0
0
0
0
0
0
0
0
0
0
0
0
0
0
0
0
0
0
0
0
0
0
0
0
0
0
0
0
0
0
0
0
0
0
0
0
0
0
0
0
0
0
0
0
0
0
0
0
0
0
0
0
0
0
0
0
0
0
0
0
0
0
0
0
0
0
0
0
0
0
0
0
0
0
0
0
0
0
0
0
0
0
0
0
0
0
0
0
0
0
0
0
0
0
0
0
0
0
0
0
0
0
0
0
0
0
0
0
0
0
0
0
0
0
0
0
0
0
0
0
0
0
0
0
0
0
0
0
0
0
0
0
0
0
0
0
0
0
0
0
0
0
0
0
0
0
0
0
0
0
0
0
0
0
0
0
0
0
0
0
0
0
0
0
0
0
0
0
0
0
0
0
0
0
0
0
0
0
0
0
0
0
0
0
0
0
0
0
0
0
0
0
0
0
0
0
0
0
0
0
0
0
0
0
0
0
0
0
0
0
0
0
0
0
0
0
0
0
0
0
0
0
0
0
0
0
0
0
0
0
0
0
0
0
0
0
0
0
0
0
0
0
0
0
0
0
0
0
0
0
0
0
0
0
0
0
0
0
0
0
0
0
0
0
0
0
0
0
0
0
0
0
0
0
0
0
0
0
0
0
0
0
0
0
0
0
0
0
0
0
0
0
0
0
0
0
0
0
0
0
0
0
0
0
0
0
0
0
0
0
0
0
0
0
0
0
0
0
0
0
0
0
0
0
0
0
0
0
0
0
0
0
0
0
0
0
0
0
0
0
0
0
0
0
0
0
0
0
0
0
0
0
0
0
0
0
0
0
0
0
0
0
0
0
0
0
0
0
0
0
0
0
0
0
0
0
0
0
0
0
0
0
0
0
0
0
0
0
0
0
0
0
0
0
0
0
0
0
0
0
0
0
0
0
0
0
0
0
0
0
0
0
0
0
0
0
0
0
0
0
0
0
0
0
0
0
0
0
0
0
0
0
0
0
0
0
0
0
0
0
0
0
0
0
0
0
0
0
0
0
0
0
0
0
0
0
0
0
0
0
0
0
0
0
0
0
0
0
0
0
0
0
0
0
0
0
0
0
0
0
0
0
0
0
0
0
0
0
0
0
0
0
0
0
0
0
0
0
0
0
0
0
0
0
0
0
0
0
0
0
0
0
0
0
0
0
0
0
0
0
0
0
0
0
0
0
0
0
0
0
0
0
0
0
0
0
0
0
0
0
0
0
0
0
0
0
0
0
0
0
0
0
0
0
0
0
0
0
0
0
0
0
0
0
0
0
0
0
0
0
0
0
0
0
0
0
0
0
0
0
0
0
0
0
0
0
0
0
0
0
0
0
0
0
0
0
0
0
0
0
0
0
0
0
0
0
0
0
0
0
0
0
0
0
0
0
0
0
0
0
0
0
0
0
0
0
0
0
0
0
0
0
0
0
0
0
0
0
0
0
0
0
0
0
0
0
0
0
0
0
0
0
0
0
0
0
0
0
0
0
0
0
0
0
0
0
0
0
0
0
0
0
0
0
0
0
0
0
0
0
0
0
0
0
0
0
0
0
0
0
0
0
0
0
0
0
0
0
0
0
0
0
0
0
0
0
0
0
0
0
0
0
0
0
0
0
0
0
0
0
0
0
0
0
0
0
0
0
0
0
0
0
0
0
0
0
0
0
0
0
0
0
0
0
0
0
0
0
0
0
0
0
0
0
0
0
0
0
0
0
0
0
0
0
0
0
0
0
0
0
0
0
0
0
0
0
0
0
0
0
0
0
0
0
0
0
0
0
0
0
0
0
0
0
0
0
0
0
0
0
0
0
0
0
0
0
0
0
0
0
0
0
0
0
0
0
0
0
0
0
0
0
0
0
0
0
0
0
0
0
0
0
0
0
0
0
0
0
0
0
0
0
0
0
0
0
0
0
0
0
0
0
0
0
0
0
0
0
0
0
0
0
0
0
0
0
0
0
0
0
0
0
0
0
0
0
0
0
0
0
0
0
0
0
0
0
0
0
0
0
0
0
0
0
0
0
0
0
0
0
0
0
0
0
0
0
0
0
0
0
0
0
0
0
0
0
0
0
0
0
0
0
0
0
0
0
0
0
0
0
0
0
0
0
0
0
0
0
0
0
0
0
0
0
0
0
0
0
0
0
0
0
0
0
0
0
0
0
0
0
0
0
0
0
0
0
0
0
0
0
0
0
0
0
0
0
0
0
0
0
0
0
0
0
0
0
0
0
0
0
0
0
0
0
0
0
0
0
0
0
0
0
0
0
0
0
0
0
0
0
0
0
0
0
0
0
0
0
0
0
0
0
0
0
0
0
0
0
0
0
0
0
0
0
0
0
0
0
0
0
0
0
0
0
0
0
0
0
0
0
0
0
0
0
0
0
0
0
0
0
0
0
0
0
0
0
0
0
0
0
0
0
0
0
0
0
0
0
0
0
0
0
0
0
0
0
0
0
0
0
0
0
0
0
0
0
0
0
0
0
0
0
0
0
0
0
0
0
0
0
0
0
0
0
0
0
0
0
0
0
0
0
0
0
0
0
0
0
0
0
0
0
0
0
0
0
0
0
0
0
0
0
0
0
0
0
0
0
0
0
0
0
0
0
0
0
0
0
0
0
0
0
0
0
0
0
0
0
0
0
0
0
0
0
0
0
0
0
0
0
)
;

boundaryField
{
    inlet
    {
        type            calculated;
        value           nonuniform List<scalar> 
20
(
-7.42428e-06
-7.42428e-06
-7.42428e-06
-7.42428e-06
-7.42428e-06
-7.42428e-06
-7.42428e-06
-7.42428e-06
-7.42428e-06
-7.42428e-06
-7.42428e-06
-7.42428e-06
-7.42428e-06
-7.42428e-06
-7.42428e-06
-7.42428e-06
-7.42428e-06
-7.42428e-06
-7.42428e-06
-7.42428e-06
)
;
    }
    outlet
    {
        type            calculated;
        value           uniform 0;
    }
    frontAndBack
    {
        type            empty;
    }
    topAndBottom
    {
        type            calculated;
        value           uniform 0;
    }
    defaultFaces
    {
        type            empty;
    }
}


// ************************************************************************* //
