/*--------------------------------*- C++ -*----------------------------------*\
  =========                 |
  \\      /  F ield         | OpenFOAM: The Open Source CFD Toolbox
   \\    /   O peration     | Website:  https://openfoam.org
    \\  /    A nd           | Version:  11
     \\/     M anipulation  |
\*---------------------------------------------------------------------------*/
FoamFile
{
    format      ascii;
    class       surfaceScalarField;
    location    "12";
    object      phi;
}
// * * * * * * * * * * * * * * * * * * * * * * * * * * * * * * * * * * * * * //

dimensions      [0 3 -1 0 0 0 0];

internalField   nonuniform List<scalar> 
5320
(
0
0
0
0
0
0
0
0
0
0
0
0
0
0
0
0
0
0
0
0
0
0
0
0
0
0
0
0
0
0
0
0
0
0
0
0
0
0
0
0
0
0
0
0
0
0
0
0
0
0
0
0
0
0
0
0
0
0
0
0
0
0
0
0
0
0
0
0
0
0
0
0
0
0
0
0
0
0
0
0
0
0
0
0
0
0
0
0
0
0
0
0
0
0
0
0
0
0
0
0
0
0
0
0
0
0
0
0
0
0
0
0
0
0
0
0
0
0
0
0
0
0
0
0
0
0
0
0
0
0
0
0
0
0
0
0
0
0
0
0
0
0
0
0
0
0
0
0
0
0
0
0
0
0
0
0
0
0
0
0
0
0
0
0
0
0
0
0
0
0
0
0
0
0
0
0
0
0
0
0
0
0
0
0
0
0
0
0
0
0
0
0
0
0
0
0
0
0
0
0
0
0
0
0
0
0
0
0
0
0
0
0
0
0
0
0
0
0
0
0
0
0
0
0
0
0
0
0
0
0
0
0
0
0
0
0
0
0
0
0
0
0
0
0
0
0
0
0
0
0
0
0
0
0
0
0
0
0
0
0
0
0
0
0
0
0
0
0
0
0
0
0
0
0
0
0
0
0
0
0
0
0
0
0
0
0
0
0
0
0
0
0
0
0
0
0
0
0
0
0
0
0
0
0
0
0
0
0
0
0
0
0
0
0
0
0
0
0
0
0
0
0
0
0
0
0
0
0
0
0
0
0
0
0
0
0
0
0
0
0
0
0
0
0
0
0
0
0
0
0
0
0
0
0
0
0
0
0
0
0
0
0
0
0
0
0
0
0
0
0
0
0
0
0
0
0
0
0
0
0
0
0
0
0
0
0
0
0
0
0
0
0
0
0
0
0
0
0
0
0
0
0
0
0
0
0
0
0
0
0
0
0
0
0
0
0
0
0
0
0
0
0
0
0
0
0
0
0
0
0
0
0
0
0
0
0
0
0
0
0
0
0
0
0
0
0
0
0
0
0
0
0
0
0
0
0
0
0
0
0
0
0
0
0
0
0
0
0
0
0
0
0
0
0
0
0
0
0
0
0
0
0
0
0
0
0
0
0
0
0
0
0
0
0
0
0
0
0
0
0
0
0
0
0
0
0
0
0
0
0
0
0
0
0
0
0
0
0
0
0
0
0
0
0
0
0
0
0
0
0
0
0
0
0
0
0
0
0
0
0
0
0
0
0
0
0
0
0
0
0
0
0
0
0
0
0
0
0
0
0
0
0
0
0
0
0
0
0
0
0
0
0
0
0
0
0
0
0
0
0
0
0
0
0
0
0
0
0
0
0
0
0
0
0
0
0
0
0
0
0
0
0
0
0
0
0
0
0
0
0
0
0
0
0
0
0
0
0
0
0
0
0
0
0
0
0
0
0
0
0
0
0
0
0
0
0
0
0
0
0
0
0
0
0
0
0
0
0
0
0
0
0
0
0
0
0
0
0
0
0
0
0
0
0
0
0
0
0
0
0
0
0
0
0
0
0
0
0
0
0
0
0
0
0
0
0
0
0
0
0
0
0
0
0
0
0
0
0
0
0
0
0
0
0
0
0
0
0
0
0
0
0
0
0
0
0
0
0
0
0
0
0
0
0
0
0
0
0
0
0
0
0
0
0
0
0
0
0
0
0
0
0
0
0
0
0
0
0
0
0
0
0
0
0
0
0
0
0
0
0
2.86102e-06
7.62939e-06
-6.67572e-06
7.62939e-06
-7.15256e-06
7.62939e-06
-8.9407e-06
7.62939e-06
-1.85966e-05
0
-1.7643e-05
-7.62939e-06
-2.44379e-05
0
-2.76566e-05
1.52588e-05
-2.70605e-05
7.62939e-06
-2.94447e-05
0
-3.49283e-05
1.52588e-05
-2.88486e-05
-1.52588e-05
-2.31266e-05
1.52588e-05
-2.6226e-05
0
-1.62125e-05
0
-4.64916e-06
-1.52588e-05
-1.16825e-05
0
-4.05312e-06
0
-2.26498e-06
1.52588e-05
0
3.09944e-06
0
-8.63153e-06
-1.03316e-05
-5.97515e-06
0
-7.29474e-06
0
-2.40298e-05
-8.75343e-06
-1.40102e-05
-8.68245e-06
-2.70092e-05
0
-3.14067e-05
2.67024e-05
-2.4379e-05
-7.62939e-06
-2.67336e-05
1.52588e-05
-4.39365e-05
0
-2.72616e-05
-3.40128e-05
-1.94819e-05
-1.52588e-05
-3.24112e-05
-6.05872e-07
-1.80814e-05
0
-4.41074e-06
-1.52588e-05
-1.53295e-05
0
-3.0839e-06
0
-2.38419e-06
7.50983e-05
0
2.86102e-06
6.15908e-06
-8.59487e-06
-3.11018e-05
-6.19591e-06
8.86857e-06
-7.58525e-06
-2.60761e-05
-2.41659e-05
-4.07869e-05
-1.37807e-05
-8.96651e-06
-2.62743e-05
0
-3.30756e-05
0
-2.38067e-05
-7.62939e-06
-2.76078e-05
-2.35217e-05
-4.26264e-05
0
-2.60664e-05
-1.87556e-05
-1.88997e-05
0
-3.21024e-05
3.95096e-05
-1.79335e-05
4.15755e-06
-4.41074e-06
-1.52588e-05
-1.47988e-05
0
-2.85107e-06
3.5545e-05
-2.86102e-06
7.3452e-05
1.52588e-05
2.14577e-06
1.33238e-05
-7.54739e-06
-1.82166e-05
-8.29667e-06
5.85079e-06
-7.38887e-06
0
-2.25586e-05
-1.19784e-05
-1.37237e-05
0
-2.61583e-05
0
-3.2605e-05
5.83153e-06
-2.33617e-05
0
-2.64711e-05
-1.54139e-05
-4.49473e-05
-2.37035e-05
-2.78556e-05
-3.53099e-05
-1.96379e-05
-3.69681e-05
-3.44613e-05
-1.52588e-05
-1.97482e-05
1.29511e-05
-4.29153e-06
-3.90544e-05
-1.46137e-05
0
-2.61592e-06
4.53069e-05
-3.21865e-06
3.05176e-05
3.05176e-05
1.66893e-06
6.03923e-06
-6.86068e-06
-3.08487e-05
-8.18213e-06
2.77998e-05
-7.85791e-06
-6.24975e-06
-2.39279e-05
-5.09306e-05
-1.40153e-05
-3.95988e-05
-2.55213e-05
-7.62939e-06
-3.32997e-05
0
-2.33971e-05
0
-2.59376e-05
1.10145e-05
-4.34364e-05
-2.35665e-05
-2.66442e-05
-1.86607e-05
-1.85626e-05
-1.32844e-06
-3.21556e-05
1.42554e-05
-1.91031e-05
2.57421e-05
-4.05312e-06
-1.87491e-05
-1.54691e-05
-1.26211e-05
-2.517e-06
1.52588e-05
-3.09944e-06
7.59403e-05
3.05176e-05
7.15256e-07
1.90798e-05
-4.83769e-06
0
-1.02281e-05
5.79577e-06
-8.19711e-06
-2.79907e-05
-2.17141e-05
-1.35408e-05
-1.33631e-05
-2.59108e-05
-2.55915e-05
0
-3.39201e-05
-2.88009e-05
-2.29148e-05
1.52588e-05
-2.75084e-05
3.3135e-05
-4.30298e-05
-1.42398e-05
-2.809e-05
-3.63908e-05
-1.81761e-05
-1.24126e-05
-3.23814e-05
1.24164e-05
-2.00247e-05
2.34925e-05
-4.29153e-06
0
-1.41328e-05
-5.89637e-05
-2.30458e-06
6.02218e-05
-3.57628e-06
4.20731e-05
1.52588e-05
4.76837e-07
7.62939e-06
-4.42787e-06
-2.0302e-05
-1.07122e-05
2.97327e-05
-8.30973e-06
-1.00426e-05
-2.28271e-05
-4.06093e-05
-1.32453e-05
-2.22636e-05
-2.69942e-05
0
-3.194e-05
-7.55965e-06
-2.23984e-05
2.01748e-05
-2.93323e-05
4.46258e-05
-4.26134e-05
-1.1402e-05
-2.69567e-05
0
-1.80321e-05
-3.54927e-05
-3.12861e-05
2.24776e-05
-2.0763e-05
3.8467e-05
-4.29153e-06
0
-1.35164e-05
-3.05176e-05
-2.51438e-06
-3.05745e-06
-3.8147e-06
1.52588e-05
0
0
6.94604e-06
-2.68354e-06
0
-1.17792e-05
1.00655e-05
-8.37769e-06
8.54144e-06
-2.15017e-05
-1.9066e-05
-1.2851e-05
0
-2.79902e-05
-1.76962e-05
-3.24267e-05
-3.02844e-05
-2.18866e-05
7.62939e-06
-3.2925e-05
6.00199e-05
-4.32694e-05
-4.03388e-05
-2.81688e-05
0
-1.7609e-05
-2.98455e-05
-3.17729e-05
3.80196e-05
-2.1245e-05
3.90718e-05
-4.52995e-06
4.79704e-06
-1.28334e-05
-1.52588e-05
-2.2681e-06
0
-3.69549e-06
5.59616e-05
1.52588e-05
-2.38419e-07
0
-2.8521e-06
-5.95594e-06
-1.17311e-05
-7.62939e-06
-8.84337e-06
1.05879e-05
-2.128e-05
0
-1.31773e-05
0
-2.85674e-05
-1.36125e-05
-3.12865e-05
-4.03385e-05
-2.12411e-05
0
-3.82731e-05
3.64451e-05
-4.28697e-05
-3.75587e-05
-3.17025e-05
-4.25769e-05
-1.77657e-05
-4.39772e-05
-3.15329e-05
1.20384e-05
-2.21061e-05
6.05032e-05
-4.5231e-06
1.25228e-05
-1.25875e-05
0
-2.1538e-06
0
-3.93391e-06
5.96059e-05
3.05176e-05
-4.76837e-07
-1.0167e-05
-2.67225e-06
-2.02407e-05
-1.11978e-05
0
-9.19552e-06
-7.62939e-06
-2.10838e-05
1.00529e-05
-1.33606e-05
1.04653e-05
-2.90093e-05
-3.00786e-05
-2.93662e-05
-2.15783e-05
-1.96105e-05
2.85813e-05
-3.90117e-05
7.73559e-05
-3.93536e-05
-4.13951e-05
-2.78693e-05
1.76236e-05
-1.64559e-05
0
-3.23754e-05
0
-2.30605e-05
3.65413e-05
-4.51351e-06
2.13917e-05
-1.30184e-05
-2.00682e-05
-2.08258e-06
0
-4.29153e-06
1.22381e-05
0
-3.04167e-07
0
-2.48824e-06
-2.07106e-05
-1.15897e-05
-1.92013e-05
-8.7539e-06
0
-2.16741e-05
0
-1.35487e-05
0
-2.88224e-05
0
-2.99085e-05
-2.9793e-05
-2.02375e-05
1.02217e-05
-4.38894e-05
2.38757e-05
-3.92688e-05
-2.05394e-05
-3.15494e-05
0
-1.65402e-05
-1.52588e-05
-2.96869e-05
2.40419e-05
-2.32973e-05
3.9848e-05
-4.45939e-06
2.34999e-05
-1.26277e-05
-2.68897e-05
-2.18048e-06
0
-4.05312e-06
3.5389e-05
1.52588e-05
-7.57253e-07
-7.62939e-06
-2.41201e-06
0
-1.08606e-05
0
-8.8063e-06
5.75065e-06
-2.12779e-05
0
-1.36361e-05
0
-2.94513e-05
-1.01699e-05
-2.84893e-05
0
-1.97244e-05
0
-4.44834e-05
1.2052e-05
-3.74107e-05
-1.16595e-05
-3.05436e-05
1.98954e-05
-1.66174e-05
3.43672e-07
-3.00225e-05
0
-2.3297e-05
7.5624e-05
-4.7724e-06
1.40069e-05
-1.29587e-05
-6.27775e-05
-2.14577e-06
-4.69708e-06
-4.29153e-06
2.67649e-05
0
-5.61608e-07
7.62939e-06
-2.63205e-06
-2.07899e-05
-1.05229e-05
7.62939e-06
-8.89316e-06
6.18601e-06
-2.15025e-05
-5.74851e-06
-1.38712e-05
-1.05371e-05
-2.96592e-05
-1.7295e-05
-2.88134e-05
-9.86564e-06
-1.90527e-05
1.77847e-05
-4.35576e-05
1.96589e-05
-3.68002e-05
2.06564e-05
-3.233e-05
0
-1.67818e-05
1.52588e-05
-2.9734e-05
-4.76665e-06
-2.40166e-05
5.95511e-05
-4.76272e-06
2.04601e-05
-1.12361e-05
-5.77508e-05
-1.66893e-06
4.62601e-06
-4.41074e-06
0
1.52588e-05
-9.53767e-07
0
-2.62057e-06
-2.79874e-05
-1.06715e-05
0
-9.30109e-06
2.04136e-05
-2.12853e-05
-1.41267e-05
-1.37568e-05
-7.62939e-06
-2.96466e-05
-2.06437e-05
-2.82094e-05
-7.62939e-06
-1.96464e-05
0
-4.61446e-05
-5.03291e-06
-3.70885e-05
1.9922e-05
-3.21681e-05
1.97498e-05
-1.69132e-05
-1.63266e-05
-2.64696e-05
0
-2.4763e-05
7.68239e-05
-5.20246e-06
1.61333e-05
-1.1253e-05
-4.09297e-05
-1.90735e-06
1.24473e-05
-4.29153e-06
2.03033e-05
0
-1.83063e-06
-2.03151e-05
-1.68272e-06
-7.62939e-06
-1.01323e-05
0
-1.02933e-05
0
-2.13546e-05
-2.02327e-05
-1.39812e-05
-2.73714e-05
-2.89116e-05
-7.62939e-06
-2.70205e-05
0
-1.92968e-05
0
-4.45562e-05
-1.46948e-05
-3.93547e-05
1.45554e-05
-3.29689e-05
-1.7306e-05
-1.63332e-05
1.52588e-05
-2.62726e-05
1.42875e-05
-2.64988e-05
4.77423e-05
-5.58549e-06
1.88492e-05
-1.04001e-05
-2.70624e-05
-2.02656e-06
0
-4.52995e-06
-1.52588e-05
1.52588e-05
-1.33333e-06
-1.015e-05
-1.9802e-06
-1.25792e-05
-1.01747e-05
-1.02218e-05
-1.08504e-05
-5.87169e-06
-2.04721e-05
-2.04915e-05
-1.36931e-05
-7.62939e-06
-2.93698e-05
-1.18721e-05
-2.79857e-05
-1.69883e-05
-1.94633e-05
-6.17476e-06
-4.34476e-05
-2.03503e-05
-3.68593e-05
2.03419e-05
-3.11133e-05
3.05162e-06
-1.6391e-05
1.8663e-05
-2.53215e-05
0
-2.65215e-05
3.32836e-05
-6.06198e-06
0
-9.99682e-06
-1.22368e-05
-1.89691e-06
1.99542e-05
-4.17233e-06
2.39425e-06
0
-2.08607e-06
-6.01606e-06
-1.66893e-06
-6.30859e-06
-1.02114e-05
-5.73194e-06
-1.1342e-05
-2.54882e-05
-2.03066e-05
0
-1.37903e-05
-6.13565e-06
-2.86294e-05
-2.01806e-05
-2.74048e-05
0
-1.91546e-05
1.52588e-05
-4.18336e-05
1.93603e-05
-4.04259e-05
1.99612e-05
-3.31555e-05
-2.0086e-05
-1.71032e-05
0
-2.37184e-05
0
-2.62081e-05
1.64054e-05
-6.07775e-06
2.00541e-05
-1.02532e-05
-3.90016e-05
-1.89689e-06
0
-4.05312e-06
-2.92914e-05
0
-1.66212e-06
-7.62939e-06
-1.90735e-06
-2.02099e-05
-1.0401e-05
-1.26097e-05
-1.02345e-05
0
-2.10125e-05
0
-1.378e-05
0
-2.84083e-05
-7.60011e-06
-2.73773e-05
1.52588e-05
-1.93673e-05
0
-4.23351e-05
4.08436e-05
-3.97557e-05
-9.50043e-07
-3.06857e-05
2.96432e-06
-1.69362e-05
0
-2.25121e-05
-1.52588e-05
-2.78211e-05
1.8338e-05
-6.67138e-06
0
-9.47423e-06
-3.81329e-05
-1.7769e-06
-1.98437e-05
-3.8147e-06
0
1.52588e-05
-2.18502e-06
-2.28882e-05
-1.69722e-06
0
-9.95849e-06
-7.62939e-06
-1.03807e-05
0
-2.09261e-05
-1.52588e-05
-1.39699e-05
0
-2.7792e-05
0
-2.82201e-05
1.52588e-05
-1.93847e-05
0
-4.48379e-05
0
-3.99334e-05
1.52588e-05
-3.00962e-05
-1.52588e-05
-1.69455e-05
0
-2.17143e-05
1.52588e-05
-2.69562e-05
0
-6.61565e-06
0
-8.86979e-06
0
-1.77695e-06
0
-3.69549e-06
1.52588e-05
1.52588e-05
-1.43051e-06
-1.90735e-06
-7.98702e-06
-1.21593e-05
-1.70469e-05
-1.71661e-05
-2.40803e-05
-2.58684e-05
-2.37226e-05
-3.57628e-05
-3.54052e-05
-2.83718e-05
-2.09808e-05
-2.15769e-05
-2.13385e-05
-8.58307e-06
-7.27177e-06
-2.14577e-06
-3.8147e-06
0
0
0
0
0
0
0
0
0
0
0
0
0
0
0
0
0
0
0
0
0
0
0
0
0
0
0
0
0
0
0
0
0
0
0
0
0
0
0
0
0
0
0
0
0
0
0
0
0
0
0
0
0
0
0
0
0
0
0
0
0
0
0
0
0
0
0
0
0
0
0
0
0
0
0
0
0
0
0
0
0
0
0
0
0
0
0
0
0
0
0
0
0
0
0
0
0
0
0
0
0
0
0
0
0
0
0
0
0
0
0
0
0
0
0
0
0
0
0
0
0
0
0
0
0
0
0
0
0
0
0
0
0
0
0
0
0
0
0
0
0
0
0
0
0
0
0
0
0
0
0
0
0
0
0
0
0
0
0
0
0
0
0
0
0
0
0
0
0
0
0
0
0
0
0
0
0
0
0
0
0
0
0
0
0
0
0
0
0
0
0
0
0
0
0
0
0
0
0
0
0
0
0
0
0
0
0
0
0
0
0
0
0
0
0
0
0
0
0
0
0
0
0
0
0
0
0
0
0
0
0
0
0
0
0
0
0
0
0
0
0
0
0
0
0
0
0
0
0
0
0
0
0
0
0
0
0
0
0
0
0
0
0
0
0
0
0
0
0
0
0
0
0
0
0
0
0
0
0
0
0
0
0
0
0
0
0
0
0
0
0
0
0
0
0
0
0
0
0
0
0
0
0
0
0
0
0
0
0
0
0
0
0
0
0
0
0
0
0
0
0
0
0
0
0
0
0
0
0
0
0
0
0
0
0
0
0
0
0
0
0
0
0
0
0
0
0
0
0
0
0
0
0
0
0
0
0
0
0
0
0
0
0
0
0
0
0
0
0
0
0
0
0
0
0
0
0
0
0
0
0
0
0
0
0
0
0
0
0
0
0
0
0
0
0
0
0
0
0
0
0
0
0
0
0
0
0
0
0
0
0
0
0
0
0
0
0
0
0
0
0
0
0
0
0
0
0
0
0
0
0
0
0
0
0
0
0
0
0
0
0
0
0
0
0
0
0
0
0
0
0
0
0
0
0
0
0
0
0
0
0
0
0
0
0
0
0
0
0
0
0
0
0
0
0
0
0
0
0
0
0
0
0
0
0
0
0
0
0
0
0
0
0
0
0
0
0
0
0
0
0
0
0
0
0
0
0
0
0
0
0
0
0
0
0
0
0
0
0
0
0
0
0
0
0
0
0
0
0
0
0
0
0
0
0
0
0
0
0
0
0
0
0
0
0
0
0
0
0
0
0
0
0
0
0
0
0
0
0
0
0
0
0
0
0
0
0
0
0
0
0
0
0
0
0
0
0
0
0
0
0
0
0
0
0
0
0
0
0
0
0
0
0
0
0
0
0
0
0
0
0
0
0
0
0
0
0
0
0
0
0
0
0
0
0
0
0
0
0
0
0
0
0
0
0
0
0
0
0
0
0
0
0
0
0
0
0
0
0
0
0
0
0
0
0
0
0
0
0
0
0
0
0
0
0
0
0
0
0
0
0
0
0
0
0
0
0
0
0
0
0
0
0
0
0
0
0
0
0
0
0
0
0
0
0
0
0
0
0
0
0
0
0
0
0
0
0
0
0
0
0
0
0
0
0
0
0
0
0
0
0
0
0
0
0
0
0
0
0
0
0
0
0
0
0
0
0
0
0
0
0
0
0
0
0
0
0
0
0
0
0
0
0
0
0
0
0
0
0
0
0
0
0
0
0
0
0
0
0
0
0
0
0
0
0
0
0
0
0
0
0
0
0
0
0
0
0
0
0
0
0
0
0
0
0
0
0
0
0
0
0
0
0
0
0
0
0
0
0
0
0
0
0
0
0
0
0
0
0
0
0
0
0
0
0
0
0
0
0
0
0
0
0
0
0
0
0
0
0
0
0
0
0
0
0
0
0
0
0
0
0
0
0
0
0
0
0
0
0
0
0
0
0
0
0
0
0
0
0
0
0
0
0
0
0
0
0
0
0
0
0
0
0
0
0
0
0
0
0
0
0
0
0
0
0
0
0
0
0
0
0
0
0
0
0
0
0
0
0
0
0
0
0
0
0
0
0
0
0
0
0
0
0
0
0
0
0
0
0
0
0
0
0
0
0
0
0
0
0
0
0
0
0
0
0
0
0
0
0
0
0
0
0
0
0
0
0
0
0
0
0
0
0
0
0
0
0
0
0
0
0
0
0
0
0
0
0
0
0
0
0
0
0
0
0
0
0
0
0
0
0
0
0
0
0
0
0
0
0
0
0
0
0
0
0
0
0
0
0
0
0
0
0
0
0
0
0
0
0
0
0
0
0
0
0
0
0
0
0
0
0
0
0
0
0
0
0
0
0
0
0
0
0
0
0
0
0
0
0
0
0
0
0
0
0
0
0
0
0
0
0
0
0
0
0
0
0
0
0
0
0
0
0
0
0
0
0
0
0
0
0
0
0
0
0
0
0
0
0
0
0
0
0
0
0
0
0
0
0
0
0
0
0
0
0
0
0
0
0
0
0
0
0
0
0
0
0
0
0
0
0
0
0
0
0
0
0
0
0
0
0
0
0
0
0
0
0
0
0
0
0
0
0
0
0
0
0
0
0
0
0
0
0
0
0
0
0
0
0
0
0
0
0
0
0
0
0
0
0
0
0
0
0
0
0
0
0
0
0
0
0
0
0
0
0
0
0
0
0
0
0
0
0
0
0
0
0
0
0
0
0
0
0
0
0
0
0
0
0
0
0
0
0
0
0
0
0
0
0
0
0
0
0
0
0
0
0
0
0
0
0
0
0
0
0
0
0
0
0
0
0
0
0
0
0
0
0
0
0
0
0
0
0
0
0
0
0
0
0
0
0
0
0
0
0
0
0
0
0
0
0
0
0
0
0
0
0
0
0
0
0
0
0
0
0
0
0
0
0
0
0
0
0
0
0
0
0
0
0
0
0
0
0
0
0
0
0
0
0
0
0
0
0
0
0
0
0
0
0
0
0
0
0
0
0
0
0
0
0
0
0
0
0
0
0
0
0
0
0
0
0
0
0
0
0
0
0
0
0
0
0
0
0
0
0
0
0
0
0
0
0
0
0
0
0
0
0
0
0
0
0
0
0
0
0
0
0
0
0
0
0
0
0
0
0
0
0
0
0
0
0
0
0
0
0
0
0
0
0
0
0
0
0
0
0
0
0
0
0
0
0
0
0
0
0
0
0
0
0
0
0
0
0
0
0
0
0
0
0
0
0
0
0
0
0
0
0
0
0
0
0
0
0
0
0
0
0
0
0
0
0
0
0
0
0
0
0
0
0
0
0
0
0
0
0
0
0
0
0
0
0
0
0
0
0
0
0
0
0
0
0
0
0
0
0
0
0
0
0
0
0
0
0
0
0
0
0
0
0
0
0
0
0
0
0
0
0
0
0
0
0
0
0
0
0
0
0
0
0
0
0
0
0
0
0
0
0
0
0
0
0
0
0
0
0
0
0
0
0
0
0
0
0
0
0
0
0
0
0
0
0
0
0
0
0
0
0
0
0
0
0
0
0
0
0
0
0
0
0
0
0
0
0
0
0
0
0
0
0
0
0
0
0
0
0
0
0
0
0
0
0
0
0
0
0
0
0
0
0
0
0
0
0
0
0
0
0
0
0
0
0
0
0
0
0
0
0
0
0
0
0
0
0
0
0
0
0
0
0
0
0
0
0
0
0
0
0
0
0
0
0
0
0
0
0
0
0
0
0
0
0
0
0
0
0
0
0
0
0
0
0
0
0
0
0
0
0
0
0
0
0
0
0
0
0
0
0
0
0
0
0
0
0
0
0
0
0
0
0
0
0
0
0
0
0
0
0
0
0
0
0
0
0
0
0
0
0
0
0
0
0
0
0
0
0
0
0
0
0
0
0
0
0
0
0
0
0
0
0
0
0
0
0
0
0
0
0
0
0
0
0
0
0
0
0
0
0
0
0
0
0
0
0
0
0
0
0
0
0
0
0
0
0
0
0
0
0
0
0
0
0
0
0
0
0
0
0
0
0
0
0
0
0
0
0
0
0
0
0
0
0
0
0
0
0
0
0
0
0
0
0
0
0
0
0
0
0
0
0
0
0
0
0
0
0
0
0
0
0
0
0
0
0
0
0
0
0
0
0
0
0
0
0
0
0
0
0
0
0
0
0
0
0
0
0
0
0
0
0
0
0
0
0
0
0
0
0
0
0
0
0
0
0
0
0
0
0
0
0
0
0
0
0
0
0
0
0
0
0
0
0
0
0
0
0
0
0
0
0
0
0
0
0
0
0
0
0
0
0
0
0
0
0
0
0
0
0
0
0
0
0
0
0
0
0
0
0
0
0
0
0
0
0
0
0
0
0
0
0
0
0
0
0
0
0
0
0
0
0
0
0
0
0
0
0
0
0
0
0
0
0
0
0
0
0
0
0
0
0
0
0
0
0
0
0
0
0
0
0
0
0
0
0
0
0
0
0
0
0
0
0
0
0
0
0
0
0
0
0
0
0
0
0
0
0
0
0
0
0
0
0
0
0
0
0
0
0
0
0
0
0
0
0
0
0
0
0
0
0
0
0
0
0
0
0
0
0
0
0
0
0
0
0
0
0
0
0
0
0
0
0
0
0
0
0
0
0
0
0
0
0
0
0
0
0
0
0
0
0
0
0
0
0
0
0
0
0
0
0
0
0
0
0
0
0
0
0
0
0
0
0
0
0
0
0
0
0
0
0
0
0
0
0
0
0
0
0
0
0
0
0
0
0
0
0
0
0
0
0
0
0
0
0
0
0
0
0
0
0
0
0
0
0
0
0
0
0
0
0
0
0
0
0
0
0
0
0
0
0
0
0
0
0
0
0
0
0
0
0
0
0
0
0
0
0
0
0
0
0
0
0
0
0
0
0
0
0
0
0
0
0
0
0
0
0
0
0
0
0
0
0
0
0
0
0
0
0
0
0
0
0
0
0
0
0
0
0
0
0
0
0
0
0
0
0
0
0
0
0
0
0
0
0
0
0
0
0
0
0
0
0
0
0
0
0
0
0
0
0
0
0
0
0
0
0
0
0
0
0
0
0
0
0
0
0
0
0
0
0
0
0
0
0
0
0
0
0
0
0
0
0
0
0
0
0
0
0
0
0
0
0
0
0
0
0
0
0
0
0
0
0
0
0
0
0
0
0
0
0
0
0
0
0
0
0
0
0
0
0
0
0
0
0
0
0
0
0
0
0
0
0
0
0
0
0
0
0
0
0
0
0
0
0
0
0
0
0
0
0
0
0
0
0
0
0
0
0
0
0
0
0
0
0
0
0
0
0
0
0
0
0
0
0
0
0
0
0
0
0
0
0
0
0
0
0
0
0
0
0
0
0
0
0
0
0
0
0
0
0
0
0
0
0
0
0
0
0
0
0
0
0
0
0
0
0
0
0
0
0
0
0
0
0
0
0
0
0
0
0
0
0
0
0
0
0
0
0
0
0
0
0
0
0
0
0
0
0
0
0
0
0
0
0
0
0
0
0
0
0
0
0
0
0
0
0
0
0
0
0
0
0
0
0
0
0
0
0
0
0
0
0
0
0
0
0
0
0
0
0
0
0
0
0
0
0
0
0
0
0
0
0
0
0
0
0
0
0
0
0
0
0
0
0
0
0
0
0
0
0
0
0
0
0
0
0
0
0
0
0
0
0
0
0
0
0
0
0
0
0
0
0
0
0
0
0
0
0
0
0
0
0
0
0
0
0
0
0
0
0
0
0
0
0
0
0
0
0
0
0
0
0
0
0
0
0
0
0
0
0
0
0
0
0
0
0
0
0
0
0
0
0
0
0
0
0
0
0
0
0
0
0
0
0
0
0
0
0
0
0
0
0
0
0
0
0
0
0
0
0
0
0
0
0
0
0
0
0
0
0
0
0
0
0
0
0
0
0
0
0
0
0
0
0
0
0
0
0
0
0
0
0
0
0
0
0
0
0
0
0
0
0
0
0
0
0
0
0
0
0
0
0
0
0
0
0
0
0
0
0
0
0
0
0
0
0
0
0
0
0
0
0
0
0
0
0
0
0
0
0
0
0
0
0
0
0
0
0
0
0
0
0
0
0
0
0
0
0
0
0
0
0
0
0
0
0
0
0
0
0
0
0
0
0
0
0
0
0
0
0
0
0
0
0
0
0
0
0
0
0
0
0
0
0
0
0
0
0
0
0
0
0
0
0
0
0
0
0
0
0
0
0
0
0
0
0
0
0
0
0
0
0
0
0
0
0
0
0
0
0
0
0
0
0
0
0
0
0
0
0
0
0
0
0
0
0
0
0
0
0
0
0
0
0
0
0
0
0
0
0
0
0
0
0
0
0
0
0
0
0
0
0
0
0
0
0
0
0
0
0
0
0
0
0
0
0
0
0
0
0
0
0
0
0
0
0
0
0
0
0
0
0
0
0
0
0
0
0
0
0
0
0
0
0
0
0
0
0
0
0
0
0
0
0
0
0
0
0
0
0
0
0
0
0
0
0
0
0
0
0
0
0
0
0
0
0
0
0
0
0
0
0
0
0
0
0
0
0
0
0
0
0
0
0
0
0
0
0
0
0
0
0
0
0
0
0
0
0
0
0
0
0
0
0
0
0
0
0
0
0
0
0
0
0
0
0
0
0
0
0
0
0
0
0
0
0
0
0
0
0
0
0
0
0
0
0
0
0
0
0
0
0
0
0
0
0
0
0
0
0
0
0
0
0
0
0
0
0
0
0
0
0
0
0
0
0
0
0
0
0
0
0
0
0
0
0
0
0
0
0
0
0
0
0
0
0
0
0
0
0
0
0
0
0
0
0
0
0
0
0
0
0
0
0
0
0
0
0
0
0
0
0
0
0
0
0
0
0
0
0
0
0
0
0
0
0
0
0
0
0
0
0
0
0
0
0
0
0
0
0
0
0
0
0
0
0
0
0
0
0
0
0
0
0
0
0
0
0
0
0
0
0
0
0
0
0
0
0
0
0
0
0
0
0
0
0
0
0
0
0
0
0
0
0
0
0
0
0
0
0
0
0
0
0
0
0
0
0
0
0
0
0
0
0
0
0
0
0
0
0
0
0
0
0
0
0
0
0
0
0
0
0
0
0
0
0
0
0
0
0
0
0
0
0
0
0
0
0
0
0
0
0
0
0
0
0
0
0
0
0
0
0
0
0
0
0
0
0
0
0
0
0
0
0
0
0
0
0
0
0
0
0
0
0
0
0
0
0
0
0
0
0
0
0
0
0
0
0
0
0
0
0
0
0
0
0
0
0
0
0
0
0
0
0
0
0
0
0
0
0
0
0
0
0
0
0
0
0
0
0
0
0
0
0
0
0
0
0
0
0
0
0
0
0
0
0
0
0
0
0
0
0
0
0
0
0
0
0
0
0
0
0
0
0
0
0
0
0
0
0
0
0
0
0
0
0
0
0
0
0
0
0
0
0
0
0
0
0
0
0
0
0
0
0
0
0
0
0
0
0
0
0
0
0
0
0
0
0
0
0
0
0
0
0
0
0
0
0
0
0
0
0
0
0
0
0
0
0
0
0
0
0
0
0
0
0
0
0
0
0
0
0
0
0
0
0
0
0
0
0
0
0
0
0
0
0
0
0
0
0
0
0
0
0
0
0
0
0
0
0
0
0
0
0
0
0
0
0
0
0
0
0
0
0
0
0
0
0
0
0
0
0
0
0
0
0
0
0
0
0
0
0
0
0
0
0
0
0
0
0
0
0
0
0
0
0
0
0
0
0
0
0
0
0
0
0
0
0
0
0
0
0
0
0
0
0
0
0
0
0
0
0
0
0
0
0
0
0
0
0
0
0
0
0
0
0
0
0
0
0
0
0
0
0
0
0
0
0
0
0
0
0
0
0
0
0
0
0
0
0
0
0
0
0
0
0
0
0
0
0
0
0
0
0
0
0
0
0
0
0
0
0
0
0
0
0
0
0
0
0
0
0
0
0
0
0
0
0
0
0
0
0
0
0
0
0
0
0
0
0
0
0
0
0
0
0
0
0
0
0
0
0
0
0
0
0
0
0
0
0
0
0
0
0
0
0
0
0
0
0
0
0
0
0
0
0
0
0
0
0
0
0
0
0
0
0
0
0
0
0
0
0
0
0
0
0
0
0
0
0
0
0
0
0
0
0
0
0
0
0
0
0
0
0
0
0
0
0
0
0
0
0
0
0
0
0
0
0
0
0
0
0
0
0
0
0
0
0
0
0
0
0
0
0
0
0
0
0
0
0
0
0
0
0
0
0
0
0
0
0
0
0
0
0
0
0
0
0
0
0
0
0
0
0
0
0
0
0
0
0
0
0
0
0
0
0
0
0
0
0
0
0
0
0
0
0
0
0
0
0
0
0
0
0
0
0
0
0
0
0
0
0
0
0
0
0
0
0
0
0
0
0
0
0
0
0
0
0
0
0
0
0
0
0
0
0
0
0
0
0
0
0
0
0
0
0
0
0
0
0
0
0
0
0
0
0
0
0
0
0
0
0
0
0
0
0
0
0
0
0
0
0
0
0
0
0
0
0
0
0
0
0
0
0
0
0
0
0
0
0
0
0
0
0
0
0
0
0
0
0
0
0
0
0
0
0
0
0
0
0
0
)
;

boundaryField
{
    inlet
    {
        type            calculated;
        value           nonuniform List<scalar> 
20
(
-7.42428e-06
-7.42428e-06
-7.42428e-06
-7.42428e-06
-7.42428e-06
-7.42428e-06
-7.42428e-06
-7.42428e-06
-7.42428e-06
-7.42428e-06
-7.42428e-06
-7.42428e-06
-7.42428e-06
-7.42428e-06
-7.42428e-06
-7.42428e-06
-7.42428e-06
-7.42428e-06
-7.42428e-06
-7.42428e-06
)
;
    }
    outlet
    {
        type            calculated;
        value           uniform 0;
    }
    frontAndBack
    {
        type            empty;
    }
    topAndBottom
    {
        type            calculated;
        value           uniform 0;
    }
    defaultFaces
    {
        type            empty;
    }
}


// ************************************************************************* //
