/*--------------------------------*- C++ -*----------------------------------*\
  =========                 |
  \\      /  F ield         | OpenFOAM: The Open Source CFD Toolbox
   \\    /   O peration     | Website:  https://openfoam.org
    \\  /    A nd           | Version:  11
     \\/     M anipulation  |
\*---------------------------------------------------------------------------*/
FoamFile
{
    format      ascii;
    class       surfaceScalarField;
    location    "40";
    object      phi;
}
// * * * * * * * * * * * * * * * * * * * * * * * * * * * * * * * * * * * * * //

dimensions      [0 3 -1 0 0 0 0];

internalField   nonuniform List<scalar> 
5320
(
0
0
0
0
0
0
0
0
0
0
0
0
0
0
0
0
0
0
0
0
0
0
0
0
0
0
0
0
0
0
0
0
0
0
0
0
0
0
0
0
0
0
0
0
0
0
0
0
0
0
0
0
0
0
0
0
0
0
0
0
0
0
0
0
0
0
0
0
0
0
0
0
0
0
0
0
0
0
0
0
0
0
0
0
0
0
0
0
0
0
0
0
0
0
0
0
0
0
0
0
0
0
0
0
0
0
0
0
0
0
0
0
0
0
0
0
0
0
0
0
0
0
0
0
0
0
0
0
0
0
0
0
0
0
0
0
0
0
0
0
0
0
0
0
0
0
0
0
0
0
0
0
0
0
0
0
0
0
0
0
0
0
0
0
0
0
0
0
0
0
0
0
0
0
0
0
0
0
0
0
0
0
0
0
0
0
0
0
0
0
0
0
0
0
0
0
0
0
0
0
0
0
0
0
0
0
0
0
0
0
0
0
0
0
0
0
0
0
0
0
0
0
0
0
0
0
0
0
0
0
0
0
0
0
0
0
0
0
0
0
0
0
0
0
0
0
0
0
0
0
0
0
0
0
0
0
0
0
0
0
0
0
0
0
0
0
0
0
0
0
0
0
0
0
0
0
0
0
0
0
0
0
0
0
0
0
0
0
0
0
0
0
0
0
0
0
0
0
0
0
0
0
0
0
0
0
0
0
0
0
0
0
0
0
0
0
0
0
0
0
0
0
0
0
0
0
0
0
0
0
0
0
0
0
0
0
0
0
0
0
0
0
0
0
0
0
0
0
0
0
0
0
0
0
0
0
0
0
0
0
0
0
0
0
0
0
0
0
0
0
0
0
0
0
0
0
0
0
0
0
0
0
0
0
0
0
0
0
0
0
0
0
0
0
0
0
0
0
0
0
0
0
0
0
0
0
0
0
0
0
0
0
0
0
0
0
0
0
0
0
0
0
0
0
0
0
0
0
0
0
0
0
0
0
0
0
0
0
0
0
0
0
0
0
0
0
0
0
0
0
0
0
0
0
0
0
0
0
0
0
0
0
0
0
0
0
0
0
0
0
0
0
0
0
0
0
0
0
0
0
0
0
0
0
0
0
0
0
0
0
0
0
0
0
0
0
0
0
0
0
0
0
0
0
0
0
0
0
0
0
0
0
0
0
0
0
0
0
0
0
0
0
0
0
0
0
0
0
0
0
0
0
0
0
0
0
0
0
0
0
0
0
0
0
0
0
0
0
0
0
0
0
0
0
0
0
0
0
0
0
0
0
0
0
0
0
0
0
0
0
0
0
0
0
0
0
0
0
0
0
0
0
0
0
0
0
0
0
0
0
0
0
0
0
0
0
0
0
0
0
0
0
0
0
0
0
0
0
0
0
0
0
0
0
0
0
0
0
0
0
0
0
0
0
0
0
0
0
0
0
0
0
0
0
0
0
0
0
0
0
0
0
0
0
0
0
0
0
0
0
0
0
0
0
0
0
0
0
0
0
0
0
0
0
0
0
0
0
0
0
0
0
0
0
0
0
0
0
0
0
0
0
0
0
0
0
0
0
0
0
0
0
0
0
0
0
0
0
0
0
0
0
0
0
0
0
0
0
0
0
0
0
0
0
0
0
0
0
0
0
0
0
0
0
0
0
0
0
0
0
0
0
0
0
0
0
0
0
0
0
0
0
0
0
0
0
0
0
0
0
0
0
0
0
0
0
0
0
0
0
3.09944e-06
7.62939e-06
-6.4373e-06
7.62939e-06
-7.03335e-06
7.62939e-06
-9.05991e-06
7.62939e-06
-1.85966e-05
0
-1.7643e-05
-7.62939e-06
-2.44379e-05
0
-2.76566e-05
1.52588e-05
-2.70605e-05
7.62939e-06
-2.94447e-05
1.52588e-05
-3.50475e-05
1.52588e-05
-2.89679e-05
-1.52588e-05
-2.3365e-05
1.52588e-05
-2.6226e-05
0
-1.60933e-05
0
-4.64916e-06
-1.52588e-05
-1.16825e-05
0
-4.05312e-06
0
-2.26498e-06
1.52588e-05
0
3.09944e-06
0
-8.86447e-06
-1.79033e-05
-6.02996e-06
0
-7.30708e-06
0
-2.38619e-05
-7.23384e-06
-1.40142e-05
-1.63178e-05
-2.81741e-05
0
-3.21854e-05
2.48259e-05
-2.35333e-05
-1.52588e-05
-2.59298e-05
1.29154e-06
-4.3996e-05
0
-2.58753e-05
-1.83124e-05
-1.95358e-05
-1.52588e-05
-3.27095e-05
1.34345e-05
-1.86828e-05
0
-4.52995e-06
-1.52588e-05
-1.53377e-05
0
-3.25937e-06
0
-2.38419e-06
7.09489e-05
0
3.09944e-06
6.51067e-06
-8.58206e-06
-3.86284e-05
-6.17158e-06
8.86471e-06
-7.59686e-06
-1.82028e-05
-2.41827e-05
-2.96856e-05
-1.38993e-05
-8.98576e-06
-2.76269e-05
0
-3.40502e-05
0
-2.34772e-05
-7.62939e-06
-2.66337e-05
-3.57445e-05
-4.38477e-05
0
-2.54067e-05
-1.88182e-05
-1.87001e-05
0
-3.21139e-05
2.49607e-05
-1.86917e-05
4.16551e-06
-4.29153e-06
-1.73302e-05
-1.48849e-05
0
-2.76024e-06
3.68521e-05
-2.74181e-06
7.89659e-05
1.52588e-05
2.38419e-06
1.37595e-05
-7.4572e-06
-2.28882e-05
-8.6248e-06
9.34747e-06
-7.46966e-06
0
-2.29539e-05
-1.34883e-05
-1.37038e-05
0
-2.72701e-05
0
-3.29333e-05
1.89134e-05
-2.32473e-05
0
-2.60589e-05
-7.62939e-06
-4.56415e-05
-3.8974e-05
-2.69021e-05
-2.00781e-05
-1.98471e-05
-3.69753e-05
-3.5419e-05
-1.52588e-05
-1.99428e-05
-2.88553e-06
-4.29153e-06
-2.33636e-05
-1.47841e-05
0
-2.64018e-06
6.06028e-05
-3.21865e-06
2.16529e-05
3.05176e-05
1.43051e-06
6.15889e-06
-6.90456e-06
-3.05767e-05
-8.45093e-06
1.22263e-05
-7.98299e-06
-6.29293e-06
-2.39908e-05
-5.09377e-05
-1.3992e-05
-3.85301e-05
-2.71766e-05
-7.62939e-06
-3.43952e-05
0
-2.30508e-05
0
-2.53037e-05
1.09929e-05
-4.39745e-05
-2.35743e-05
-2.59125e-05
-2.47447e-06
-1.81249e-05
-1.65081e-05
-3.16816e-05
4.06219e-06
-1.9323e-05
4.63245e-05
-4.05312e-06
-3.24974e-06
-1.5856e-05
-4.07942e-05
-2.69132e-06
1.52588e-05
-3.09944e-06
8.03347e-05
3.05176e-05
7.15256e-07
2.67033e-05
-4.94796e-06
0
-1.04173e-05
1.00381e-05
-8.30446e-06
-2.17898e-05
-2.19326e-05
-1.48155e-05
-1.3345e-05
-2.26495e-05
-2.69092e-05
0
-3.45613e-05
-2.10743e-05
-2.25314e-05
5.73634e-06
-2.66002e-05
2.58443e-05
-4.40756e-05
-1.90616e-05
-2.71239e-05
-3.63694e-05
-1.83979e-05
2.79289e-06
-3.33264e-05
1.22014e-05
-2.06839e-05
2.4289e-05
-4.05312e-06
0
-1.3887e-05
-5.50308e-05
-2.44833e-06
3.90704e-05
-3.69549e-06
3.81662e-05
1.52588e-05
4.76837e-07
7.62939e-06
-5.04954e-06
-2.0767e-05
-1.08602e-05
2.83837e-05
-8.31696e-06
-1.01716e-05
-2.27343e-05
-4.06358e-05
-1.30521e-05
-2.63663e-05
-2.78568e-05
0
-3.25266e-05
-7.62939e-06
-2.23032e-05
2.0656e-05
-2.79819e-05
4.39969e-05
-4.32175e-05
-1.16631e-05
-2.6632e-05
0
-1.84971e-05
-2.39693e-05
-3.19487e-05
1.52588e-05
-2.08356e-05
4.50969e-05
-4.41074e-06
0
-1.34812e-05
-1.33151e-05
-2.3738e-06
1.22055e-05
-3.8147e-06
1.52588e-05
0
0
6.36924e-06
-2.68507e-06
0
-1.1864e-05
1.06173e-05
-8.28045e-06
8.53846e-06
-2.17451e-05
-1.53204e-05
-1.29415e-05
0
-2.93319e-05
-1.07379e-05
-3.34618e-05
-3.06228e-05
-2.16255e-05
1.52588e-05
-3.4066e-05
5.81286e-05
-4.38973e-05
-4.04136e-05
-2.84418e-05
0
-1.73755e-05
-2.96301e-05
-3.20633e-05
3.05176e-05
-2.14524e-05
4.88305e-05
-4.52995e-06
2.00815e-05
-1.28288e-05
-1.52246e-05
-2.29924e-06
0
-3.57628e-06
5.91762e-05
1.52588e-05
-2.38419e-07
0
-2.60678e-06
-5.82951e-06
-1.18719e-05
-7.62939e-06
-8.95134e-06
1.8149e-05
-2.15487e-05
0
-1.31843e-05
0
-2.93742e-05
-1.02679e-05
-3.2195e-05
-4.03659e-05
-2.10332e-05
0
-3.91166e-05
3.75209e-05
-4.35823e-05
-3.69842e-05
-3.31035e-05
-5.77171e-05
-1.73926e-05
-5.58487e-05
-3.26383e-05
1.217e-05
-2.31364e-05
5.36834e-05
-4.50568e-06
1.52588e-05
-1.25949e-05
0
-2.16908e-06
0
-3.93391e-06
6.03564e-05
3.05176e-05
-2.38419e-07
-1.01685e-05
-2.66979e-06
-2.50745e-05
-1.13598e-05
0
-9.06344e-06
-1.52588e-05
-2.11063e-05
1.96918e-05
-1.31217e-05
1.17097e-05
-2.96372e-05
-1.91816e-05
-3.01066e-05
-2.05845e-05
-1.98437e-05
2.86389e-05
-4.05965e-05
9.50327e-05
-4.08503e-05
-4.39296e-05
-2.91251e-05
1.52588e-05
-1.65937e-05
0
-3.15741e-05
0
-2.23746e-05
3.64245e-05
-4.54831e-06
3.49254e-05
-1.30172e-05
-2.01046e-05
-2.44335e-06
0
-4.29153e-06
1.22358e-05
0
-3.02136e-07
0
-2.50863e-06
-2.94167e-05
-1.18062e-05
-1.96572e-05
-8.84938e-06
0
-2.21186e-05
0
-1.36559e-05
0
-2.94685e-05
0
-3.10741e-05
-2.22148e-05
-2.02814e-05
6.61354e-06
-4.49255e-05
4.22565e-05
-3.97054e-05
-2.07832e-05
-3.24291e-05
0
-1.66143e-05
-1.52588e-05
-2.99659e-05
4.01194e-05
-2.37681e-05
2.5485e-05
-4.60772e-06
1.56573e-05
-1.25468e-05
-8.97357e-06
-2.17966e-06
0
-4.05312e-06
3.53458e-05
1.52588e-05
-7.15256e-07
-1.52588e-05
-2.50468e-06
0
-1.08342e-05
0
-8.80267e-06
5.90795e-06
-2.15701e-05
0
-1.3618e-05
0
-3.01007e-05
-1.05868e-05
-2.91579e-05
0
-1.9401e-05
0
-4.43516e-05
4.05718e-05
-3.87838e-05
-1.15011e-05
-3.17001e-05
1.422e-05
-1.65252e-05
1.56073e-05
-3.04542e-05
0
-2.32793e-05
7.61117e-05
-4.87949e-06
1.47258e-05
-1.31827e-05
-8.16093e-05
-2.02656e-06
-4.69637e-06
-4.17233e-06
3.86282e-05
0
-5.618e-07
7.62939e-06
-2.47817e-06
-2.2286e-05
-1.08624e-05
7.62939e-06
-8.98724e-06
7.62939e-06
-2.20131e-05
-6.11524e-06
-1.38634e-05
-1.17472e-05
-3.02537e-05
-1.30757e-05
-2.98497e-05
-1.00629e-05
-1.93046e-05
1.80802e-05
-4.49065e-05
1.9877e-05
-3.74736e-05
2.07861e-05
-3.31788e-05
0
-1.66456e-05
1.52588e-05
-3.05127e-05
-4.58283e-06
-2.40154e-05
5.76602e-05
-4.72014e-06
3.98188e-05
-1.10457e-05
-3.91975e-05
-1.78814e-06
1.98875e-05
-4.41074e-06
0
1.52588e-05
-9.54723e-07
0
-2.04213e-06
-2.17848e-05
-1.08469e-05
0
-9.33309e-06
2.07971e-05
-2.13826e-05
-1.05604e-05
-1.37703e-05
-7.62939e-06
-3.05987e-05
-2.08157e-05
-2.94416e-05
-7.62939e-06
-1.95623e-05
0
-4.7093e-05
-1.87612e-05
-3.83225e-05
1.8887e-05
-3.31614e-05
1.96987e-05
-1.70578e-05
-1.63036e-05
-2.70768e-05
0
-2.52056e-05
7.75511e-05
-5.36296e-06
1.45792e-05
-1.11622e-05
-4.36473e-05
-1.78814e-06
1.24487e-05
-4.29153e-06
2.03067e-05
0
-1.95314e-06
-2.211e-05
-1.89428e-06
-7.62939e-06
-1.04911e-05
0
-1.01798e-05
0
-2.19326e-05
-3.02221e-05
-1.39728e-05
-2.98555e-05
-2.93302e-05
-7.62939e-06
-2.81135e-05
0
-1.91067e-05
0
-4.46966e-05
0
-4.04233e-05
3.1955e-06
-3.33929e-05
-1.49779e-05
-1.60461e-05
1.52588e-05
-2.66785e-05
4.06397e-06
-2.64355e-05
6.99423e-05
-5.86764e-06
-1.02148e-06
-1.05755e-05
-1.52588e-05
-1.90735e-06
0
-4.52995e-06
-1.52588e-05
1.52588e-05
-1.61915e-06
-1.01193e-05
-2.14577e-06
-2.02871e-05
-1.04628e-05
-1.05531e-05
-1.0543e-05
-5.50392e-06
-2.08037e-05
-2.13662e-05
-1.38244e-05
-4.76028e-06
-3.03839e-05
-1.19e-05
-2.90758e-05
-9.6154e-06
-1.96276e-05
-6.1864e-06
-4.41106e-05
-1.5128e-05
-3.87528e-05
3.78324e-05
-3.28307e-05
-6.42652e-07
-1.69352e-05
3.41974e-06
-2.757e-05
-2.00057e-05
-2.70248e-05
3.93439e-05
-6.39116e-06
0
-1.00368e-05
-1.32557e-05
-1.90735e-06
1.97331e-05
-4.29153e-06
-1.28115e-05
0
-1.92786e-06
-6.04097e-06
-1.90735e-06
-6.52698e-06
-1.04325e-05
-5.72139e-06
-1.09678e-05
-2.76957e-05
-2.04074e-05
0
-1.3708e-05
-6.47078e-06
-2.91659e-05
-8.82463e-06
-2.81489e-05
0
-1.91313e-05
7.62939e-06
-4.4147e-05
9.33261e-06
-4.23149e-05
1.52588e-05
-3.38974e-05
-2.02081e-05
-1.68128e-05
0
-2.41588e-05
0
-2.61161e-05
1.30919e-05
-6.20479e-06
3.53035e-05
-1.01128e-05
-1.09068e-05
-1.75103e-06
0
-4.17233e-06
-3.32096e-05
0
-1.80058e-06
-1.52588e-05
-1.90735e-06
-2.95279e-05
-1.0551e-05
-2.82089e-05
-1.00767e-05
0
-2.1312e-05
0
-1.37248e-05
0
-2.90355e-05
-1.52588e-05
-2.83477e-05
7.62939e-06
-1.9264e-05
0
-4.22103e-05
4.45297e-05
-4.03108e-05
-7.47143e-07
-3.15846e-05
-1.23072e-05
-1.68781e-05
0
-2.34432e-05
-1.4567e-05
-2.79641e-05
1.83494e-05
-6.77868e-06
0
-9.72226e-06
-1.94306e-05
-1.85994e-06
-4.58641e-06
-3.69549e-06
0
1.52588e-05
-2.18957e-06
-2.28882e-05
-1.57373e-06
0
-9.91128e-06
-7.62939e-06
-1.02151e-05
0
-2.13796e-05
-7.62939e-06
-1.39498e-05
0
-2.87551e-05
0
-2.93083e-05
7.62939e-06
-1.96846e-05
0
-4.6287e-05
0
-4.0495e-05
1.52588e-05
-3.09081e-05
0
-1.70764e-05
0
-2.24447e-05
1.52588e-05
-2.71522e-05
0
-6.60763e-06
1.52588e-05
-8.98769e-06
0
-1.76071e-06
0
-3.69549e-06
1.52588e-05
1.52588e-05
-1.43051e-06
-2.14577e-06
-7.98702e-06
-1.21593e-05
-1.70469e-05
-1.71661e-05
-2.40803e-05
-2.58684e-05
-2.37226e-05
-3.57628e-05
-3.56436e-05
-2.86102e-05
-2.07424e-05
-2.14577e-05
-2.13385e-05
-8.70228e-06
-7.39098e-06
-2.14577e-06
-3.93391e-06
0
0
0
0
0
0
0
0
0
0
0
0
0
0
0
0
0
0
0
0
0
0
0
0
0
0
0
0
0
0
0
0
0
0
0
0
0
0
0
0
0
0
0
0
0
0
0
0
0
0
0
0
0
0
0
0
0
0
0
0
0
0
0
0
0
0
0
0
0
0
0
0
0
0
0
0
0
0
0
0
0
0
0
0
0
0
0
0
0
0
0
0
0
0
0
0
0
0
0
0
0
0
0
0
0
0
0
0
0
0
0
0
0
0
0
0
0
0
0
0
0
0
0
0
0
0
0
0
0
0
0
0
0
0
0
0
0
0
0
0
0
0
0
0
0
0
0
0
0
0
0
0
0
0
0
0
0
0
0
0
0
0
0
0
0
0
0
0
0
0
0
0
0
0
0
0
0
0
0
0
0
0
0
0
0
0
0
0
0
0
0
0
0
0
0
0
0
0
0
0
0
0
0
0
0
0
0
0
0
0
0
0
0
0
0
0
0
0
0
0
0
0
0
0
0
0
0
0
0
0
0
0
0
0
0
0
0
0
0
0
0
0
0
0
0
0
0
0
0
0
0
0
0
0
0
0
0
0
0
0
0
0
0
0
0
0
0
0
0
0
0
0
0
0
0
0
0
0
0
0
0
0
0
0
0
0
0
0
0
0
0
0
0
0
0
0
0
0
0
0
0
0
0
0
0
0
0
0
0
0
0
0
0
0
0
0
0
0
0
0
0
0
0
0
0
0
0
0
0
0
0
0
0
0
0
0
0
0
0
0
0
0
0
0
0
0
0
0
0
0
0
0
0
0
0
0
0
0
0
0
0
0
0
0
0
0
0
0
0
0
0
0
0
0
0
0
0
0
0
0
0
0
0
0
0
0
0
0
0
0
0
0
0
0
0
0
0
0
0
0
0
0
0
0
0
0
0
0
0
0
0
0
0
0
0
0
0
0
0
0
0
0
0
0
0
0
0
0
0
0
0
0
0
0
0
0
0
0
0
0
0
0
0
0
0
0
0
0
0
0
0
0
0
0
0
0
0
0
0
0
0
0
0
0
0
0
0
0
0
0
0
0
0
0
0
0
0
0
0
0
0
0
0
0
0
0
0
0
0
0
0
0
0
0
0
0
0
0
0
0
0
0
0
0
0
0
0
0
0
0
0
0
0
0
0
0
0
0
0
0
0
0
0
0
0
0
0
0
0
0
0
0
0
0
0
0
0
0
0
0
0
0
0
0
0
0
0
0
0
0
0
0
0
0
0
0
0
0
0
0
0
0
0
0
0
0
0
0
0
0
0
0
0
0
0
0
0
0
0
0
0
0
0
0
0
0
0
0
0
0
0
0
0
0
0
0
0
0
0
0
0
0
0
0
0
0
0
0
0
0
0
0
0
0
0
0
0
0
0
0
0
0
0
0
0
0
0
0
0
0
0
0
0
0
0
0
0
0
0
0
0
0
0
0
0
0
0
0
0
0
0
0
0
0
0
0
0
0
0
0
0
0
0
0
0
0
0
0
0
0
0
0
0
0
0
0
0
0
0
0
0
0
0
0
0
0
0
0
0
0
0
0
0
0
0
0
0
0
0
0
0
0
0
0
0
0
0
0
0
0
0
0
0
0
0
0
0
0
0
0
0
0
0
0
0
0
0
0
0
0
0
0
0
0
0
0
0
0
0
0
0
0
0
0
0
0
0
0
0
0
0
0
0
0
0
0
0
0
0
0
0
0
0
0
0
0
0
0
0
0
0
0
0
0
0
0
0
0
0
0
0
0
0
0
0
0
0
0
0
0
0
0
0
0
0
0
0
0
0
0
0
0
0
0
0
0
0
0
0
0
0
0
0
0
0
0
0
0
0
0
0
0
0
0
0
0
0
0
0
0
0
0
0
0
0
0
0
0
0
0
0
0
0
0
0
0
0
0
0
0
0
0
0
0
0
0
0
0
0
0
0
0
0
0
0
0
0
0
0
0
0
0
0
0
0
0
0
0
0
0
0
0
0
0
0
0
0
0
0
0
0
0
0
0
0
0
0
0
0
0
0
0
0
0
0
0
0
0
0
0
0
0
0
0
0
0
0
0
0
0
0
0
0
0
0
0
0
0
0
0
0
0
0
0
0
0
0
0
0
0
0
0
0
0
0
0
0
0
0
0
0
0
0
0
0
0
0
0
0
0
0
0
0
0
0
0
0
0
0
0
0
0
0
0
0
0
0
0
0
0
0
0
0
0
0
0
0
0
0
0
0
0
0
0
0
0
0
0
0
0
0
0
0
0
0
0
0
0
0
0
0
0
0
0
0
0
0
0
0
0
0
0
0
0
0
0
0
0
0
0
0
0
0
0
0
0
0
0
0
0
0
0
0
0
0
0
0
0
0
0
0
0
0
0
0
0
0
0
0
0
0
0
0
0
0
0
0
0
0
0
0
0
0
0
0
0
0
0
0
0
0
0
0
0
0
0
0
0
0
0
0
0
0
0
0
0
0
0
0
0
0
0
0
0
0
0
0
0
0
0
0
0
0
0
0
0
0
0
0
0
0
0
0
0
0
0
0
0
0
0
0
0
0
0
0
0
0
0
0
0
0
0
0
0
0
0
0
0
0
0
0
0
0
0
0
0
0
0
0
0
0
0
0
0
0
0
0
0
0
0
0
0
0
0
0
0
0
0
0
0
0
0
0
0
0
0
0
0
0
0
0
0
0
0
0
0
0
0
0
0
0
0
0
0
0
0
0
0
0
0
0
0
0
0
0
0
0
0
0
0
0
0
0
0
0
0
0
0
0
0
0
0
0
0
0
0
0
0
0
0
0
0
0
0
0
0
0
0
0
0
0
0
0
0
0
0
0
0
0
0
0
0
0
0
0
0
0
0
0
0
0
0
0
0
0
0
0
0
0
0
0
0
0
0
0
0
0
0
0
0
0
0
0
0
0
0
0
0
0
0
0
0
0
0
0
0
0
0
0
0
0
0
0
0
0
0
0
0
0
0
0
0
0
0
0
0
0
0
0
0
0
0
0
0
0
0
0
0
0
0
0
0
0
0
0
0
0
0
0
0
0
0
0
0
0
0
0
0
0
0
0
0
0
0
0
0
0
0
0
0
0
0
0
0
0
0
0
0
0
0
0
0
0
0
0
0
0
0
0
0
0
0
0
0
0
0
0
0
0
0
0
0
0
0
0
0
0
0
0
0
0
0
0
0
0
0
0
0
0
0
0
0
0
0
0
0
0
0
0
0
0
0
0
0
0
0
0
0
0
0
0
0
0
0
0
0
0
0
0
0
0
0
0
0
0
0
0
0
0
0
0
0
0
0
0
0
0
0
0
0
0
0
0
0
0
0
0
0
0
0
0
0
0
0
0
0
0
0
0
0
0
0
0
0
0
0
0
0
0
0
0
0
0
0
0
0
0
0
0
0
0
0
0
0
0
0
0
0
0
0
0
0
0
0
0
0
0
0
0
0
0
0
0
0
0
0
0
0
0
0
0
0
0
0
0
0
0
0
0
0
0
0
0
0
0
0
0
0
0
0
0
0
0
0
0
0
0
0
0
0
0
0
0
0
0
0
0
0
0
0
0
0
0
0
0
0
0
0
0
0
0
0
0
0
0
0
0
0
0
0
0
0
0
0
0
0
0
0
0
0
0
0
0
0
0
0
0
0
0
0
0
0
0
0
0
0
0
0
0
0
0
0
0
0
0
0
0
0
0
0
0
0
0
0
0
0
0
0
0
0
0
0
0
0
0
0
0
0
0
0
0
0
0
0
0
0
0
0
0
0
0
0
0
0
0
0
0
0
0
0
0
0
0
0
0
0
0
0
0
0
0
0
0
0
0
0
0
0
0
0
0
0
0
0
0
0
0
0
0
0
0
0
0
0
0
0
0
0
0
0
0
0
0
0
0
0
0
0
0
0
0
0
0
0
0
0
0
0
0
0
0
0
0
0
0
0
0
0
0
0
0
0
0
0
0
0
0
0
0
0
0
0
0
0
0
0
0
0
0
0
0
0
0
0
0
0
0
0
0
0
0
0
0
0
0
0
0
0
0
0
0
0
0
0
0
0
0
0
0
0
0
0
0
0
0
0
0
0
0
0
0
0
0
0
0
0
0
0
0
0
0
0
0
0
0
0
0
0
0
0
0
0
0
0
0
0
0
0
0
0
0
0
0
0
0
0
0
0
0
0
0
0
0
0
0
0
0
0
0
0
0
0
0
0
0
0
0
0
0
0
0
0
0
0
0
0
0
0
0
0
0
0
0
0
0
0
0
0
0
0
0
0
0
0
0
0
0
0
0
0
0
0
0
0
0
0
0
0
0
0
0
0
0
0
0
0
0
0
0
0
0
0
0
0
0
0
0
0
0
0
0
0
0
0
0
0
0
0
0
0
0
0
0
0
0
0
0
0
0
0
0
0
0
0
0
0
0
0
0
0
0
0
0
0
0
0
0
0
0
0
0
0
0
0
0
0
0
0
0
0
0
0
0
0
0
0
0
0
0
0
0
0
0
0
0
0
0
0
0
0
0
0
0
0
0
0
0
0
0
0
0
0
0
0
0
0
0
0
0
0
0
0
0
0
0
0
0
0
0
0
0
0
0
0
0
0
0
0
0
0
0
0
0
0
0
0
0
0
0
0
0
0
0
0
0
0
0
0
0
0
0
0
0
0
0
0
0
0
0
0
0
0
0
0
0
0
0
0
0
0
0
0
0
0
0
0
0
0
0
0
0
0
0
0
0
0
0
0
0
0
0
0
0
0
0
0
0
0
0
0
0
0
0
0
0
0
0
0
0
0
0
0
0
0
0
0
0
0
0
0
0
0
0
0
0
0
0
0
0
0
0
0
0
0
0
0
0
0
0
0
0
0
0
0
0
0
0
0
0
0
0
0
0
0
0
0
0
0
0
0
0
0
0
0
0
0
0
0
0
0
0
0
0
0
0
0
0
0
0
0
0
0
0
0
0
0
0
0
0
0
0
0
0
0
0
0
0
0
0
0
0
0
0
0
0
0
0
0
0
0
0
0
0
0
0
0
0
0
0
0
0
0
0
0
0
0
0
0
0
0
0
0
0
0
0
0
0
0
0
0
0
0
0
0
0
0
0
0
0
0
0
0
0
0
0
0
0
0
0
0
0
0
0
0
0
0
0
0
0
0
0
0
0
0
0
0
0
0
0
0
0
0
0
0
0
0
0
0
0
0
0
0
0
0
0
0
0
0
0
0
0
0
0
0
0
0
0
0
0
0
0
0
0
0
0
0
0
0
0
0
0
0
0
0
0
0
0
0
0
0
0
0
0
0
0
0
0
0
0
0
0
0
0
0
0
0
0
0
0
0
0
0
0
0
0
0
0
0
0
0
0
0
0
0
0
0
0
0
0
0
0
0
0
0
0
0
0
0
0
0
0
0
0
0
0
0
0
0
0
0
0
0
0
0
0
0
0
0
0
0
0
0
0
0
0
0
0
0
0
0
0
0
0
0
0
0
0
0
0
0
0
0
0
0
0
0
0
0
0
0
0
0
0
0
0
0
0
0
0
0
0
0
0
0
0
0
0
0
0
0
0
0
0
0
0
0
0
0
0
0
0
0
0
0
0
0
0
0
0
0
0
0
0
0
0
0
0
0
0
0
0
0
0
0
0
0
0
0
0
0
0
0
0
0
0
0
0
0
0
0
0
0
0
0
0
0
0
0
0
0
0
0
0
0
0
0
0
0
0
0
0
0
0
0
0
0
0
0
0
0
0
0
0
0
0
0
0
0
0
0
0
0
0
0
0
0
0
0
0
0
0
0
0
0
0
0
0
0
0
0
0
0
0
0
0
0
0
0
0
0
0
0
0
0
0
0
0
0
0
0
0
0
0
0
0
0
0
0
0
0
0
0
0
0
0
0
0
0
0
0
0
0
0
0
0
0
0
0
0
0
0
0
0
0
0
0
0
0
0
0
0
0
0
0
0
0
0
0
0
0
0
0
0
0
0
0
0
0
0
0
0
0
0
0
0
0
0
0
0
0
0
0
0
0
0
0
0
0
0
0
0
0
0
0
0
0
0
0
0
0
0
0
0
0
0
0
0
0
0
0
0
0
0
0
0
0
0
0
0
0
0
0
0
0
0
0
0
0
0
0
0
0
0
0
0
0
0
0
0
0
0
0
0
0
0
0
0
0
0
0
0
0
0
0
0
0
0
0
0
0
0
0
0
0
0
0
0
0
0
0
0
0
0
0
0
0
0
0
0
0
0
0
0
0
0
0
0
0
0
0
0
0
0
0
0
0
0
0
0
0
0
0
0
0
0
0
0
0
0
0
0
0
0
0
0
0
0
0
0
0
0
0
0
0
0
0
0
0
0
0
0
0
0
0
0
0
0
0
0
0
0
0
0
0
0
0
0
0
0
0
0
0
0
0
0
0
0
0
0
0
0
0
0
0
0
0
0
0
0
0
0
0
0
0
0
0
0
0
0
0
0
0
0
0
0
0
0
0
0
0
0
0
0
0
0
0
0
0
0
0
0
0
0
0
0
0
0
0
0
0
0
0
0
0
0
0
0
0
0
0
0
0
0
0
0
0
0
0
0
0
0
0
0
0
0
0
0
0
0
0
0
0
0
0
0
0
0
0
0
0
0
0
0
0
0
0
0
0
0
0
0
0
0
0
0
0
0
0
0
0
0
0
0
0
0
0
0
0
0
0
0
0
0
0
0
0
0
0
0
0
0
0
0
0
0
0
0
0
0
0
0
0
0
0
0
0
0
0
0
0
0
0
0
0
0
0
0
0
0
0
0
0
0
0
0
0
0
0
0
0
0
0
0
0
0
0
0
0
0
0
0
0
0
0
0
0
0
0
0
0
0
0
0
0
0
0
0
0
0
0
0
0
0
0
0
0
0
0
0
0
0
0
0
0
0
0
0
0
0
0
0
0
0
0
0
0
0
0
0
0
0
0
0
0
0
0
0
0
0
0
0
0
0
0
0
0
0
0
0
0
0
0
0
0
0
0
0
0
0
0
0
0
0
0
0
0
0
0
0
0
0
0
0
0
0
0
0
0
0
0
0
0
0
0
0
0
0
0
0
0
0
0
0
0
0
0
0
0
0
0
0
0
0
0
0
0
0
0
0
0
0
0
0
0
0
0
0
0
0
0
0
0
0
0
0
0
0
0
0
0
0
0
0
0
0
0
0
0
0
0
0
0
0
0
0
0
0
0
0
0
0
0
0
0
0
0
0
0
0
0
0
0
0
0
0
0
0
0
0
0
0
0
0
0
0
0
0
0
0
0
0
0
0
0
0
0
0
0
0
0
0
0
0
0
0
0
0
0
0
0
0
0
0
0
0
0
0
0
0
0
0
0
0
0
0
0
0
0
0
0
0
0
0
0
0
0
0
0
0
0
0
0
0
0
0
0
0
0
0
0
0
0
0
0
0
0
0
0
0
0
0
0
0
0
0
0
0
0
0
0
0
0
0
0
0
0
0
0
0
0
0
0
0
0
0
0
0
0
0
0
0
0
0
0
0
0
0
0
0
0
0
0
0
0
0
0
0
0
0
0
0
0
0
0
0
0
0
0
0
0
0
0
0
0
0
0
0
0
0
0
0
0
0
0
0
0
0
0
0
0
0
0
0
0
0
0
0
0
0
0
0
0
0
0
0
0
0
0
0
0
0
0
0
0
0
0
0
0
0
0
0
0
0
0
0
0
0
0
0
0
0
0
0
0
0
0
0
0
0
0
0
0
0
0
0
0
0
0
0
0
0
0
0
0
0
0
0
0
0
0
0
0
0
0
0
0
0
0
0
0
0
0
0
0
0
0
0
0
0
0
0
0
0
0
0
0
0
0
0
0
0
0
0
0
0
0
0
0
0
0
0
0
0
0
0
0
0
0
0
0
0
0
0
0
0
0
0
0
0
0
0
0
0
0
0
0
0
0
0
0
0
0
0
0
0
0
0
0
0
0
0
0
0
0
0
0
0
0
0
0
0
0
0
0
0
0
0
0
0
0
0
0
0
0
0
0
0
0
0
0
0
0
0
0
0
0
0
0
0
0
0
0
0
0
0
0
0
0
0
0
0
0
0
0
0
0
0
0
0
0
0
0
0
0
0
0
0
0
0
0
0
0
0
0
0
0
0
0
0
0
0
0
0
0
0
0
0
0
0
0
0
0
0
0
0
0
0
0
0
0
0
0
0
0
0
0
0
0
0
0
0
0
0
0
0
0
0
0
0
0
0
0
0
0
0
0
0
0
0
0
0
0
0
0
0
0
0
0
0
0
0
0
0
0
0
0
0
0
0
0
0
0
0
0
0
0
0
0
0
0
0
0
0
0
0
0
0
0
0
0
0
0
0
0
0
0
0
0
0
0
0
0
0
0
0
0
0
0
0
0
0
0
0
0
0
0
0
0
0
0
0
0
0
0
0
0
0
0
0
0
0
0
0
0
0
0
0
0
0
0
0
0
0
0
0
0
0
0
0
0
0
0
0
0
0
0
0
0
0
0
0
0
0
0
0
0
0
0
0
0
0
0
0
0
0
0
0
0
0
0
0
0
0
0
0
0
0
0
0
0
0
0
0
0
0
0
0
0
0
0
)
;

boundaryField
{
    inlet
    {
        type            calculated;
        value           nonuniform List<scalar> 
20
(
-7.42428e-06
-7.42428e-06
-7.42428e-06
-7.42428e-06
-7.42428e-06
-7.42428e-06
-7.42428e-06
-7.42428e-06
-7.42428e-06
-7.42428e-06
-7.42428e-06
-7.42428e-06
-7.42428e-06
-7.42428e-06
-7.42428e-06
-7.42428e-06
-7.42428e-06
-7.42428e-06
-7.42428e-06
-7.42428e-06
)
;
    }
    outlet
    {
        type            calculated;
        value           uniform 0;
    }
    frontAndBack
    {
        type            empty;
    }
    topAndBottom
    {
        type            calculated;
        value           uniform 0;
    }
    defaultFaces
    {
        type            empty;
    }
}


// ************************************************************************* //
